2020TAXABLE TAXABLE 
PROPERTY TYPECOUNTJUST VALUETAXABLE VALUEJUST VALUETAXABLE VALUEVALUE DIFFPCTNEW CONSCOUNTJUST VALUETAXABLE VALUEJUST VALUETAXABLE VALUEVALUE DIFFPCTNEW CONS
SINGLE FAMILY384,365148,228,988,64491,062,893,808152,401,518,03695,986,375,4834,923,481,6755.4%1,161,231,298384,365148,228,988,64491,062,893,808152,401,518,03695,986,375,4834,923,481,6755.4%1,161,231,298
CONDOMINIUM372,957110,683,850,68491,540,301,536111,769,297,82794,013,833,0492,473,531,5132.7%4,250,749,682372,957110,683,850,68491,540,301,536111,769,297,82794,013,833,0492,473,531,5132.7%4,250,749,682
MULTI FAMILY35,25527,787,664,39822,672,500,48431,104,145,82325,957,443,8623,284,943,37814.5%1,562,088,39535,25527,787,664,39822,672,500,48431,104,145,82325,957,443,8623,284,943,37814.5%1,562,088,395
COMMERCIAL37,76264,604,744,47655,973,632,43566,261,310,49458,703,445,4672,729,813,0324.9%754,619,68637,76264,604,744,47655,973,632,43566,261,310,49458,703,445,4672,729,813,0324.9%754,619,686
INDUSTRIAL16,15319,051,432,85117,073,956,89721,325,243,17518,666,446,8061,592,489,9099.3%348,993,17016,15319,051,432,85117,073,956,89721,325,243,17518,666,446,8061,592,489,9099.3%348,993,170
AGRICULTURE7,6563,978,395,685975,215,7874,159,546,4251,038,325,53563,109,7486.5%7,115,9847,6563,978,395,685975,215,7874,159,546,4251,038,325,53563,109,7486.5%7,115,984
VACANT LAND38,13413,817,641,13210,411,965,21013,769,788,60410,637,812,918225,847,7082.2%-106,483,75238,13413,817,641,13210,411,965,21013,769,788,60410,637,812,918225,847,7082.2%-106,483,752
INSTITUTIONAL2,6038,479,317,0921,531,039,9768,755,710,5521,624,533,03493,493,0586.1%3,541,8042,6038,479,317,0921,531,039,9768,755,710,5521,624,533,03493,493,0586.1%3,541,804
GOVERNMENTAL22,79222,353,595,491171,731,31622,917,917,323166,597,566-5,133,750-3.0%593,89022,79222,353,595,491171,731,31622,917,917,323166,597,566-5,133,750-3.0%593,890
OTHER PROPERTIES5,0812,084,687,4411,430,728,7952,135,151,7431,498,321,63467,592,8394.7%2,465,6065,0812,084,687,4411,430,728,7952,135,151,7431,498,321,63467,592,8394.7%2,465,606
REAL ESTATE PARCELS922,758421,070,317,894292,843,966,244434,599,630,002308,293,135,35415,449,169,1105.3%7,984,915,763922,758421,070,317,894292,843,966,244434,599,630,002308,293,135,35415,449,169,1105.3%7,984,915,763
PERS PROP & CENT ASSD21,825,652,91115,797,491,47418,478,468,28416,069,854,369272,362,8951.7%021,825,652,91115,797,491,47418,478,468,28416,069,854,369272,362,8951.7%0
ALL ASSESSED PROPERTY442,895,970,805308,641,457,718453,078,098,286324,362,989,72315,721,532,0055.1%7,984,915,763442,895,970,805308,641,457,718453,078,098,286324,362,989,72315,721,532,0055.1%7,984,915,763
2019 PRELIMINARY VALUES2020 PRELIMINARY VALUES2020 PRELIMINARY VALUES
2020 Miami-Dade County Preliminary Assessment Roll Values and 2019 Comparison
MIAMI-DADE COUNTY
PROPERTY APPRAISER
2020 ASSESSMENT ROLL CHANGE BY PROPERTY TYPE
July 1, 2020
----------------Page (0) Break----------------
MIAMI-DADE COUNTY
PROPERTY APPRAISER
2020 ASSESSMENT ROLL CHANGE BY PROPERTY TYPE
July 1, 2020
2020TAXABLE TAXABLE 
PROPERTY TYPECOUNTJUST VALUETAXABLE VALUEJUST VALUETAXABLE VALUEVALUE DIFFPCTNEW CONSCOUNTJUST VALUETAXABLE VALUEJUST VALUETAXABLE VALUEVALUE DIFFPCTNEW CONS
SINGLE FAMILY33,98113,795,778,4897,819,440,22214,185,391,6378,300,941,860481,501,6386.2%86,802,11933,98113,795,778,4897,819,440,22214,185,391,6378,300,941,860481,501,6386.2%86,802,119
CONDOMINIUM66,07122,134,428,99020,000,127,00522,841,298,67320,909,099,748908,972,7434.5%1,639,417,34566,07122,134,428,99020,000,127,00522,841,298,67320,909,099,748908,972,7434.5%1,639,417,345
MULTI FAMILY17,40610,971,188,0978,325,518,44212,366,825,3979,849,850,7981,524,332,35618.3%782,693,63617,40610,971,188,0978,325,518,44212,366,825,3979,849,850,7981,524,332,35618.3%782,693,636
COMMERCIAL10,18318,519,022,72215,003,409,31118,951,713,34215,815,287,624811,878,3135.4%162,738,51810,18318,519,022,72215,003,409,31118,951,713,34215,815,287,624811,878,3135.4%162,738,518
INDUSTRIAL1,2111,986,491,6711,358,812,8502,069,240,7641,490,223,982131,411,1329.7%16,365,6481,2111,986,491,6711,358,812,8502,069,240,7641,490,223,982131,411,1329.7%16,365,648
AGRICULTURE117,277,4001,817,54148,331,97127,486,86025,669,3191412.3%0117,277,4001,817,54148,331,97127,486,86025,669,3191412.3%0
VACANT LAND7,0154,760,429,6813,298,947,8344,679,678,6303,336,850,09237,902,2581.1%-23,531,7417,0154,760,429,6813,298,947,8344,679,678,6303,336,850,09237,902,2581.1%-23,531,741
INSTITUTIONAL6662,146,189,879369,493,6502,172,084,896394,675,46525,181,8156.8%06662,146,189,879369,493,6502,172,084,896394,675,46525,181,8156.8%0
GOVERNMENTAL1,6347,255,745,67935,012,2917,333,635,30940,691,3285,679,03716.2%-151,2491,6347,255,745,67935,012,2917,333,635,30940,691,3285,679,03716.2%-151,249
OTHER PROPERTIES213384,155,388232,814,323401,097,417245,573,26612,758,9435.5%340,768213384,155,388232,814,323401,097,417245,573,26612,758,9435.5%340,768
REAL ESTATE PARCELS138,39181,960,707,99656,445,393,46985,049,298,03660,410,681,0233,965,287,5547.0%2,664,675,044138,39181,960,707,99656,445,393,46985,049,298,03660,410,681,0233,965,287,5547.0%2,664,675,044
PERS PROP & CENT ASSD3,395,122,0092,516,205,9482,972,018,8522,596,961,69980,755,7513.2%03,395,122,0092,516,205,9482,972,018,8522,596,961,69980,755,7513.2%0
ALL ASSESSED PROPERTY85,355,830,00558,961,599,41788,021,316,88863,007,642,7224,046,043,3056.9%2,664,675,04485,355,830,00558,961,599,41788,021,316,88863,007,642,7224,046,043,3056.9%2,664,675,044
2020 City of Miami Preliminary Assessment Roll Values and  Comparison
2019 PRELIMINARY VALUES2020 PRELIMINARY VALUES2020 PRELIMINARY VALUES
----------------Page (1) Break----------------
MIAMI-DADE COUNTY
PROPERTY APPRAISER
2020 ASSESSMENT ROLL CHANGE BY PROPERTY TYPE
July 1, 2020
2020TAXABLE TAXABLE 
PROPERTY TYPECOUNTJUST VALUETAXABLE VALUEJUST VALUETAXABLE VALUEVALUE DIFFPCTNEW CONSCOUNTJUST VALUETAXABLE VALUEJUST VALUETAXABLE VALUEVALUE DIFFPCTNEW CONS
SINGLE FAMILY4,90211,295,133,1367,625,331,34011,535,594,3378,217,103,733591,772,3937.8%235,320,9964,90211,295,133,1367,625,331,34011,535,594,3378,217,103,733591,772,3937.8%235,320,996
CONDOMINIUM42,00520,628,831,19217,936,307,60020,537,025,65518,400,248,145463,940,5452.6%1,020,544,64442,00520,628,831,19217,936,307,60020,537,025,65518,400,248,145463,940,5452.6%1,020,544,644
MULTI FAMILY1,5692,902,223,4542,292,519,4032,858,369,7132,415,094,363122,574,9605.3%11,973,2801,5692,902,223,4542,292,519,4032,858,369,7132,415,094,363122,574,9605.3%11,973,280
COMMERCIAL6,48612,115,240,95810,157,112,18512,108,591,55710,595,027,104437,914,9194.3%62,575,3076,48612,115,240,95810,157,112,18512,108,591,55710,595,027,104437,914,9194.3%62,575,307
INDUSTRIAL1552,256,32235,927,16753,204,49438,380,4872,453,3206.8%01552,256,32235,927,16753,204,49438,380,4872,453,3206.8%0
AGRICULTURE00000000000000
VACANT LAND1,4331,311,513,9601,115,819,7171,161,705,3431,064,331,855-51,487,862-4.6%-18,623,8201,4331,311,513,9601,115,819,7171,161,705,3431,064,331,855-51,487,862-4.6%-18,623,820
INSTITUTIONAL58408,136,18151,041,912415,586,33752,818,4101,776,4983.5%058408,136,18151,041,912415,586,33752,818,4101,776,4983.5%0
GOVERNMENTAL4011,517,218,28837,893,4321,726,140,26837,814,741-78,691-0.2%682,3774011,517,218,28837,893,4321,726,140,26837,814,741-78,691-0.2%682,377
OTHER PROPERTIES38181,570,692131,769,285197,633,479135,834,7904,065,5053.1%038181,570,692131,769,285197,633,479135,834,7904,065,5053.1%0
REAL ESTATE PARCELS56,90750,412,124,18339,383,722,04150,593,851,18340,956,653,6281,572,931,5874.0%1,312,472,78456,90750,412,124,18339,383,722,04150,593,851,18340,956,653,6281,572,931,5874.0%1,312,472,784
PERS PROP & CENT ASSD864,952,998715,170,418952,522,665786,345,35871,174,94010.0%0864,952,998715,170,418952,522,665786,345,35871,174,94010.0%0
ALL ASSESSED PROPERTY51,277,077,18140,098,892,45951,546,373,84841,742,998,9861,644,106,5274.1%1,312,472,78451,277,077,18140,098,892,45951,546,373,84841,742,998,9861,644,106,5274.1%1,312,472,784
2020 City of Miami Beach Preliminary Assessment Roll Values and  Comparison
2019 PRELIMINARY VALUES2020 PRELIMINARY VALUES2020 PRELIMINARY VALUES
----------------Page (2) Break----------------
MIAMI-DADE COUNTY
PROPERTY APPRAISER
2020 ASSESSMENT ROLL CHANGE BY PROPERTY TYPE
July 1, 2020
2020TAXABLE TAXABLE 
PROPERTY TYPECOUNTJUST VALUETAXABLE VALUEJUST VALUETAXABLE VALUEVALUE DIFFPCTNEW CONSCOUNTJUST VALUETAXABLE VALUEJUST VALUETAXABLE VALUEVALUE DIFFPCTNEW CONS
SINGLE FAMILY10,85613,096,476,1769,449,012,98313,187,971,4549,732,459,288283,446,3053.0%70,743,18710,85613,096,476,1769,449,012,98313,187,971,4549,732,459,288283,446,3053.0%70,743,187
CONDOMINIUM5,5522,226,083,6301,871,459,8512,200,693,9771,901,367,35229,907,5011.6%84,769,6055,5522,226,083,6301,871,459,8512,200,693,9771,901,367,35229,907,5011.6%84,769,605
MULTI FAMILY7401,001,912,004896,033,1721,004,966,503914,573,99518,540,8232.1%1,901,9817401,001,912,004896,033,1721,004,966,503914,573,99518,540,8232.1%1,901,981
COMMERCIAL1,7803,860,100,1473,366,528,5333,914,378,0813,492,018,183125,489,6503.7%7,765,1881,7803,860,100,1473,366,528,5333,914,378,0813,492,018,183125,489,6503.7%7,765,188
INDUSTRIAL518,493,15615,071,69118,576,53416,798,9461,727,25511.5%0518,493,15615,071,69118,576,53416,798,9461,727,25511.5%0
AGRICULTURE310,281,9033,563,66610,281,9033,924,401360,73510.1%0310,281,9033,563,66610,281,9033,924,401360,73510.1%0
VACANT LAND644803,954,863675,039,322828,345,337692,748,78917,709,4672.6%-12,520,023644803,954,863675,039,322828,345,337692,748,78917,709,4672.6%-12,520,023
INSTITUTIONAL78725,609,062100,755,567744,920,802102,804,9272,049,3602.0%078725,609,062100,755,567744,920,802102,804,9272,049,3602.0%0
GOVERNMENTAL261684,288,6831,508,100694,998,3431,936,460428,36028.4%157,411261684,288,6831,508,100694,998,3431,936,460428,36028.4%157,411
OTHER PROPERTIES55318,892,515216,226,250294,536,505234,552,57518,326,3258.5%055318,892,515216,226,250294,536,505234,552,57518,326,3258.5%0
REAL ESTATE PARCELS19,97422,746,092,13916,595,199,13522,899,669,43917,093,184,916497,985,7813.0%152,817,34919,97422,746,092,13916,595,199,13522,899,669,43917,093,184,916497,985,7813.0%152,817,349
PERS PROP & CENT ASSD490,476,136341,167,483510,903,544356,646,56515,479,0824.5%0490,476,136341,167,483510,903,544356,646,56515,479,0824.5%0
ALL ASSESSED PROPERTY23,236,568,27516,936,366,61823,410,572,98317,449,831,481513,464,8633.0%152,817,34923,236,568,27516,936,366,61823,410,572,98317,449,831,481513,464,8633.0%152,817,349
2020 City of Coral Gables Preliminary Assessment Roll Values and  Comparison
2019 PRELIMINARY VALUES2020 PRELIMINARY VALUES2020 PRELIMINARY VALUES
----------------Page (3) Break----------------
MIAMI-DADE COUNTY
PROPERTY APPRAISER
2020 ASSESSMENT ROLL CHANGE BY PROPERTY TYPE
July 1, 2020
2020TAXABLE TAXABLE 
PROPERTY TYPECOUNTJUST VALUETAXABLE VALUEJUST VALUETAXABLE VALUEVALUE DIFFPCTNEW CONSCOUNTJUST VALUETAXABLE VALUEJUST VALUETAXABLE VALUEVALUE DIFFPCTNEW CONS
SINGLE FAMILY25,3316,473,459,6063,281,751,7966,845,287,2983,551,761,886270,010,0908.2%32,021,80625,3316,473,459,6063,281,751,7966,845,287,2983,551,761,886270,010,0908.2%32,021,806
CONDOMINIUM25,7073,465,038,0411,872,502,9563,735,324,8842,103,678,987231,176,03112.3%81,433,97525,7073,465,038,0411,872,502,9563,735,324,8842,103,678,987231,176,03112.3%81,433,975
MULTI FAMILY2,7881,845,529,0131,555,008,5532,059,794,3831,711,403,175156,394,62210.1%6,123,6072,7881,845,529,0131,555,008,5532,059,794,3831,711,403,175156,394,62210.1%6,123,607
COMMERCIAL1,7111,932,471,6191,772,120,7181,982,386,9511,833,643,16461,522,4463.5%12,310,7741,7111,932,471,6191,772,120,7181,982,386,9511,833,643,16461,522,4463.5%12,310,774
INDUSTRIAL2,5411,865,731,3511,706,329,6712,150,445,8441,922,460,405216,130,73412.7%54,970,6372,5411,865,731,3511,706,329,6712,150,445,8441,922,460,405216,130,73412.7%54,970,637
AGRICULTURE1688,531,2659,216,33794,882,7979,656,747440,4104.8%01688,531,2659,216,33794,882,7979,656,747440,4104.8%0
VACANT LAND2,138527,102,369314,997,192698,149,500454,920,148139,922,95644.4%-13,041,0332,138527,102,369314,997,192698,149,500454,920,148139,922,95644.4%-13,041,033
INSTITUTIONAL189433,952,507138,132,412456,706,208146,908,3008,775,8886.4%765,331189433,952,507138,132,412456,706,208146,908,3008,775,8886.4%765,331
GOVERNMENTAL326905,296,4821,290,489932,568,6531,325,05434,5652.7%0326905,296,4821,290,489932,568,6531,325,05434,5652.7%0
OTHER PROPERTIES24386,548,89149,007,49790,810,93148,562,891-444,606-0.9%024386,548,89149,007,49790,810,93148,562,891-444,606-0.9%0
REAL ESTATE PARCELS60,99017,623,661,14410,700,357,62119,046,357,44911,784,320,7571,083,963,13610.1%174,585,09760,99017,623,661,14410,700,357,62119,046,357,44911,784,320,7571,083,963,13610.1%174,585,097
PERS PROP & CENT ASSD697,255,116605,703,342784,188,666697,716,60692,013,26415.2%1,796,392697,255,116605,703,342784,188,666697,716,60692,013,26415.2%1,796,392
ALL ASSESSED PROPERTY18,320,916,26011,306,060,96319,830,546,11512,482,037,3631,175,976,40010.4%176,381,48918,320,916,26011,306,060,96319,830,546,11512,482,037,3631,175,976,40010.4%176,381,489
2019 PRELIMINARY VALUES2020 PRELIMINARY VALUES2020 PRELIMINARY VALUES
2020 City of Hialeah Preliminary Assessment Roll Values and  Comparison
----------------Page (4) Break----------------
MIAMI-DADE COUNTY
PROPERTY APPRAISER
2020 ASSESSMENT ROLL CHANGE BY PROPERTY TYPE
July 1, 2020
2020TAXABLE TAXABLE 
PROPERTY TYPECOUNTJUST VALUETAXABLE VALUEJUST VALUETAXABLE VALUEVALUE DIFFPCTNEW CONSCOUNTJUST VALUETAXABLE VALUEJUST VALUETAXABLE VALUEVALUE DIFFPCTNEW CONS
SINGLE FAMILY3,4531,198,907,861709,623,5611,197,164,281734,584,90424,961,3433.5%3,703,9433,4531,198,907,861709,623,5611,197,164,281734,584,90424,961,3433.5%3,703,943
CONDOMINIUM33443,134,38124,914,46744,042,89927,833,5202,919,05311.7%033443,134,38124,914,46744,042,89927,833,5202,919,05311.7%0
MULTI FAMILY186120,002,223109,176,274124,370,014112,708,3993,532,1253.2%-8,526186120,002,223109,176,274124,370,014112,708,3993,532,1253.2%-8,526
COMMERCIAL151312,355,974283,610,993328,677,149307,768,35224,157,3598.5%10,023,672151312,355,974283,610,993328,677,149307,768,35224,157,3598.5%10,023,672
INDUSTRIAL86,313,5215,807,9516,370,4545,835,52227,5710.5%086,313,5215,807,9516,370,4545,835,52227,5710.5%0
AGRICULTURE00000000000000
VACANT LAND10419,593,31617,709,36321,240,85019,139,3471,429,9848.1%-173,27210419,593,31617,709,36321,240,85019,139,3471,429,9848.1%-173,272
INSTITUTIONAL1828,007,9709,192,12131,913,65713,181,5983,989,47743.4%01828,007,9709,192,12131,913,65713,181,5983,989,47743.4%0
GOVERNMENTAL5987,748,023091,815,1740005987,748,023091,815,174000
OTHER PROPERTIES410,440,7537,247,45210,485,9927,324,74477,2921.1%0410,440,7537,247,45210,485,9927,324,74477,2921.1%0
REAL ESTATE PARCELS4,3171,826,504,0221,167,282,1821,856,080,4701,228,376,38661,094,2045.2%13,545,8174,3171,826,504,0221,167,282,1821,856,080,4701,228,376,38661,094,2045.2%13,545,817
PERS PROP & CENT ASSD92,754,89889,180,44398,766,33695,465,9596,285,5167.0%092,754,89889,180,44398,766,33695,465,9596,285,5167.0%0
ALL ASSESSED PROPERTY1,919,258,9201,256,462,6251,954,846,8061,323,842,34567,379,7205.4%13,545,8171,919,258,9201,256,462,6251,954,846,8061,323,842,34567,379,7205.4%13,545,817
2019 PRELIMINARY VALUES2020 PRELIMINARY VALUES2020 PRELIMINARY VALUES
2020 City of Miami Springs Preliminary Assessment Roll Values and  Comparison
----------------Page (5) Break----------------
MIAMI-DADE COUNTY
PROPERTY APPRAISER
2020 ASSESSMENT ROLL CHANGE BY PROPERTY TYPE
July 1, 2020
2020TAXABLE TAXABLE 
PROPERTY TYPECOUNTJUST VALUETAXABLE VALUEJUST VALUETAXABLE VALUEVALUE DIFFPCTNEW CONSCOUNTJUST VALUETAXABLE VALUEJUST VALUETAXABLE VALUEVALUE DIFFPCTNEW CONS
SINGLE FAMILY8,3312,581,836,6561,326,934,2262,693,458,9441,428,990,925102,056,6997.7%16,146,9728,3312,581,836,6561,326,934,2262,693,458,9441,428,990,925102,056,6997.7%16,146,972
CONDOMINIUM5,995719,756,748508,715,597724,610,949527,831,06619,115,4693.8%05,995719,756,748508,715,597724,610,949527,831,06619,115,4693.8%0
MULTI FAMILY779675,426,309575,624,127802,514,942651,090,89675,466,76913.1%45,072,999779675,426,309575,624,127802,514,942651,090,89675,466,76913.1%45,072,999
COMMERCIAL693646,375,566579,653,804767,677,886693,979,598114,325,79419.7%75,568,629693646,375,566579,653,804767,677,886693,979,598114,325,79419.7%75,568,629
INDUSTRIAL103140,227,237133,036,522143,438,390138,852,8835,816,3614.4%0103140,227,237133,036,522143,438,390138,852,8835,816,3614.4%0
AGRICULTURE00000000000000
VACANT LAND34698,967,36080,446,545104,157,82681,851,3241,404,7791.7%-1,976,29634698,967,36080,446,545104,157,82681,851,3241,404,7791.7%-1,976,296
INSTITUTIONAL63203,305,32116,770,359216,328,73129,286,63212,516,27374.6%71,52963203,305,32116,770,359216,328,73129,286,63212,516,27374.6%71,529
GOVERNMENTAL155384,938,62633,309,078380,367,91925,967,188-7,341,890-22.0%0155384,938,62633,309,078380,367,91925,967,188-7,341,890-22.0%0
OTHER PROPERTIES239,029,4203,488,0579,361,9153,662,894174,8375.0%0239,029,4203,488,0579,361,9153,662,894174,8375.0%0
REAL ESTATE PARCELS16,4885,459,863,2433,257,978,3155,841,917,5023,581,513,406323,535,0919.9%134,883,83316,4885,459,863,2433,257,978,3155,841,917,5023,581,513,406323,535,0919.9%134,883,833
PERS PROP & CENT ASSD165,538,964128,327,656185,441,808158,156,54029,828,88423.2%12,621,700165,538,964128,327,656185,441,808158,156,54029,828,88423.2%12,621,700
ALL ASSESSED PROPERTY5,625,402,2073,386,305,9716,027,359,3103,739,669,946353,363,97510.4%147,505,5335,625,402,2073,386,305,9716,027,359,3103,739,669,946353,363,97510.4%147,505,533
2019 PRELIMINARY VALUES2020 PRELIMINARY VALUES2020 PRELIMINARY VALUES
2020 City of North Miami Preliminary Assessment Roll Values and  Comparison
----------------Page (6) Break----------------
MIAMI-DADE COUNTY
PROPERTY APPRAISER
2020 ASSESSMENT ROLL CHANGE BY PROPERTY TYPE
July 1, 2020
2020TAXABLE TAXABLE 
PROPERTY TYPECOUNTJUST VALUETAXABLE VALUEJUST VALUETAXABLE VALUEVALUE DIFFPCTNEW CONSCOUNTJUST VALUETAXABLE VALUEJUST VALUETAXABLE VALUEVALUE DIFFPCTNEW CONS
SINGLE FAMILY7,0821,875,338,845987,277,0731,950,766,2551,068,087,01180,809,9388.2%10,785,0387,0821,875,338,845987,277,0731,950,766,2551,068,087,01180,809,9388.2%10,785,038
CONDOMINIUM5,7791,250,633,7171,057,617,4131,272,615,1331,063,517,5855,900,1720.6%19,919,2005,7791,250,633,7171,057,617,4131,272,615,1331,063,517,5855,900,1720.6%19,919,200
MULTI FAMILY562357,433,315321,948,788384,250,335345,097,96623,149,1787.2%-61,667562357,433,315321,948,788384,250,335345,097,96623,149,1787.2%-61,667
COMMERCIAL528819,862,348734,813,238856,480,141777,964,05943,150,8215.9%0528819,862,348734,813,238856,480,141777,964,05943,150,8215.9%0
INDUSTRIAL5570,925,92264,470,25277,757,79868,611,3024,141,0506.4%05570,925,92264,470,25277,757,79868,611,3024,141,0506.4%0
AGRICULTURE00000000000000
VACANT LAND30173,187,55862,905,95457,501,30545,846,478-17,059,476-27.1%-331,02230173,187,55862,905,95457,501,30545,846,478-17,059,476-27.1%-331,022
INSTITUTIONAL38103,366,33616,961,783119,465,31027,598,90110,637,11862.7%038103,366,33616,961,783119,465,31027,598,90110,637,11862.7%0
GOVERNMENTAL118130,508,90513,297,512135,001,61510,016,530-3,280,982-24.7%0118130,508,90513,297,512135,001,61510,016,530-3,280,982-24.7%0
OTHER PROPERTIES3315,222,7436,779,01415,270,9447,110,828331,8144.9%03315,222,7436,779,01415,270,9447,110,828331,8144.9%0
REAL ESTATE PARCELS14,4964,696,479,6893,266,071,0274,869,108,8363,413,850,660147,779,6334.5%30,311,54914,4964,696,479,6893,266,071,0274,869,108,8363,413,850,660147,779,6334.5%30,311,549
PERS PROP & CENT ASSD170,445,644132,966,668134,395,686116,057,372-16,909,296-12.7%0170,445,644132,966,668134,395,686116,057,372-16,909,296-12.7%0
ALL ASSESSED PROPERTY4,866,925,3333,399,037,6955,003,504,5223,529,908,032130,870,3373.9%30,311,5494,866,925,3333,399,037,6955,003,504,5223,529,908,032130,870,3373.9%30,311,549
2019 PRELIMINARY VALUES2020 PRELIMINARY VALUES2020 PRELIMINARY VALUES
2020 City of North Miami Beach Preliminary Assessment Roll Values and  Comparison
----------------Page (7) Break----------------
MIAMI-DADE COUNTY
PROPERTY APPRAISER
2020 ASSESSMENT ROLL CHANGE BY PROPERTY TYPE
July 1, 2020
2020TAXABLE TAXABLE 
PROPERTY TYPECOUNTJUST VALUETAXABLE VALUEJUST VALUETAXABLE VALUEVALUE DIFFPCTNEW CONSCOUNTJUST VALUETAXABLE VALUEJUST VALUETAXABLE VALUEVALUE DIFFPCTNEW CONS
SINGLE FAMILY2,142346,797,593142,576,812358,587,203158,046,16215,469,35010.8%559,8882,142346,797,593142,576,812358,587,203158,046,16215,469,35010.8%559,888
CONDOMINIUM43740,041,19023,937,85942,590,14626,058,7442,120,8858.9%043740,041,19023,937,85942,590,14626,058,7442,120,8858.9%0
MULTI FAMILY292147,906,889117,097,283168,402,772126,817,5329,720,2498.3%339,436292147,906,889117,097,283168,402,772126,817,5329,720,2498.3%339,436
COMMERCIAL204105,862,58493,099,816113,490,16497,742,9324,643,1165.0%0204105,862,58493,099,816113,490,16497,742,9324,643,1165.0%0
INDUSTRIAL606442,662,431398,936,839481,534,736428,788,05129,851,2127.5%0606442,662,431398,936,839481,534,736428,788,05129,851,2127.5%0
AGRICULTURE00000000000000
VACANT LAND43377,429,86655,108,81186,251,25159,985,4944,876,6838.8%-21,66343377,429,86655,108,81186,251,25159,985,4944,876,6838.8%-21,663
INSTITUTIONAL6543,536,3105,689,85246,737,3396,135,965446,1137.8%06543,536,3105,689,85246,737,3396,135,965446,1137.8%0
GOVERNMENTAL135204,367,454428,628209,446,9396,626,4906,197,8621446.0%0135204,367,454428,628209,446,9396,626,4906,197,8621446.0%0
OTHER PROPERTIES2275,428,56361,922,50978,129,01664,865,8252,943,3164.8%02275,428,56361,922,50978,129,01664,865,8252,943,3164.8%0
REAL ESTATE PARCELS4,3361,484,032,880898,798,4091,585,169,566975,067,19576,268,7868.5%877,6614,3361,484,032,880898,798,4091,585,169,566975,067,19576,268,7868.5%877,661
PERS PROP & CENT ASSD271,667,873255,640,270277,596,939260,509,8164,869,5461.9%0271,667,873255,640,270277,596,939260,509,8164,869,5461.9%0
ALL ASSESSED PROPERTY1,755,700,7531,154,438,6791,862,766,5051,235,577,01181,138,3327.0%877,6611,755,700,7531,154,438,6791,862,766,5051,235,577,01181,138,3327.0%877,661
2020 City of Opa-locka Preliminary Assessment Roll Values and  Comparison
2019 PRELIMINARY VALUES2020 PRELIMINARY VALUES2020 PRELIMINARY VALUES
----------------Page (8) Break----------------
MIAMI-DADE COUNTY
PROPERTY APPRAISER
2020 ASSESSMENT ROLL CHANGE BY PROPERTY TYPE
July 1, 2020
2020TAXABLE TAXABLE 
PROPERTY TYPECOUNTJUST VALUETAXABLE VALUEJUST VALUETAXABLE VALUEVALUE DIFFPCTNEW CONSCOUNTJUST VALUETAXABLE VALUEJUST VALUETAXABLE VALUEVALUE DIFFPCTNEW CONS
SINGLE FAMILY2,8601,493,887,226920,015,9601,510,862,983968,506,98348,491,0235.3%14,016,9162,8601,493,887,226920,015,9601,510,862,983968,506,98348,491,0235.3%14,016,916
CONDOMINIUM781149,109,893122,601,682151,067,752126,287,1023,685,4203.0%0781149,109,893122,601,682151,067,752126,287,1023,685,4203.0%0
MULTI FAMILY93178,517,264169,268,099193,403,215177,326,8198,058,7204.8%955,96293178,517,264169,268,099193,403,215177,326,8198,058,7204.8%955,962
COMMERCIAL641669,552,037624,969,158677,748,765632,603,2597,634,1011.2%267,189641669,552,037624,969,158677,748,765632,603,2597,634,1011.2%267,189
INDUSTRIAL2716,507,08212,460,04917,692,95614,838,2652,378,21619.1%02716,507,08212,460,04917,692,95614,838,2652,378,21619.1%0
AGRICULTURE23,925,2181,788,0633,641,6731,831,35243,2892.4%023,925,2181,788,0633,641,6731,831,35243,2892.4%0
VACANT LAND22068,930,92256,524,88462,063,24053,945,186-2,579,698-4.6%-189,83922068,930,92256,524,88462,063,24053,945,186-2,579,698-4.6%-189,839
INSTITUTIONAL35101,905,1449,340,645102,460,1699,082,736-257,909-2.8%4,46635101,905,1449,340,645102,460,1699,082,736-257,909-2.8%4,466
GOVERNMENTAL46109,311,8200110,314,585497,674497,674046109,311,8200110,314,585497,674497,6740
OTHER PROPERTIES122,028,435835,33915,838,56014,617,73913,782,4001649.9%0122,028,435835,33915,838,56014,617,73913,782,4001649.9%0
REAL ESTATE PARCELS4,7172,793,675,0411,917,803,8792,845,093,8981,999,537,11581,733,2364.3%15,054,6944,7172,793,675,0411,917,803,8792,845,093,8981,999,537,11581,733,2364.3%15,054,694
PERS PROP & CENT ASSD130,379,38169,268,359145,338,07573,599,7754,331,4166.3%0130,379,38169,268,359145,338,07573,599,7754,331,4166.3%0
ALL ASSESSED PROPERTY2,924,054,4221,987,072,2382,990,431,9732,073,136,89086,064,6524.3%15,054,6942,924,054,4221,987,072,2382,990,431,9732,073,136,89086,064,6524.3%15,054,694
2020 City of South Miami Preliminary Assessment Roll Values and  Comparison
2019 PRELIMINARY VALUES2020 PRELIMINARY VALUES2020 PRELIMINARY VALUES
----------------Page (9) Break----------------
MIAMI-DADE COUNTY
PROPERTY APPRAISER
2020 ASSESSMENT ROLL CHANGE BY PROPERTY TYPE
July 1, 2020
2020TAXABLE TAXABLE 
PROPERTY TYPECOUNTJUST VALUETAXABLE VALUEJUST VALUETAXABLE VALUEVALUE DIFFPCTNEW CONSCOUNTJUST VALUETAXABLE VALUEJUST VALUETAXABLE VALUEVALUE DIFFPCTNEW CONS
SINGLE FAMILY9,8031,935,954,5051,190,607,9692,051,866,2801,300,682,456110,074,4879.2%48,566,6339,8031,935,954,5051,190,607,9692,051,866,2801,300,682,456110,074,4879.2%48,566,633
CONDOMINIUM8,7641,070,508,003788,362,6291,114,848,392849,787,07261,424,4437.8%13,661,7008,7641,070,508,003788,362,6291,114,848,392849,787,07261,424,4437.8%13,661,700
MULTI FAMILY769322,820,135238,644,247369,121,249269,538,49730,894,25012.9%641,814769322,820,135238,644,247369,121,249269,538,49730,894,25012.9%641,814
COMMERCIAL561572,302,832523,517,604679,602,452611,511,86987,994,26516.8%44,320,537561572,302,832523,517,604679,602,452611,511,86987,994,26516.8%44,320,537
INDUSTRIAL16384,147,32573,932,974104,116,82193,419,98519,487,01126.4%12,868,70716384,147,32573,932,974104,116,82193,419,98519,487,01126.4%12,868,707
AGRICULTURE125131,962,57717,981,967122,377,57314,499,437-3,482,530-19.4%0125131,962,57717,981,967122,377,57314,499,437-3,482,530-19.4%0
VACANT LAND1,438161,209,332133,924,282170,548,636139,346,3185,422,0364.0%-5,6791,438161,209,332133,924,282170,548,636139,346,3185,422,0364.0%-5,679
INSTITUTIONAL91118,647,51831,742,331126,220,15742,118,82810,376,49732.7%091118,647,51831,742,331126,220,15742,118,82810,376,49732.7%0
GOVERNMENTAL339402,478,2218,078,995407,389,5657,454,401-624,594-7.7%0339402,478,2218,078,995407,389,5657,454,401-624,594-7.7%0
OTHER PROPERTIES41418,161,39315,528,67719,150,27316,119,060590,3833.8%041418,161,39315,528,67719,150,27316,119,060590,3833.8%0
REAL ESTATE PARCELS22,4674,818,191,8413,022,321,6755,165,241,3983,344,477,923322,156,24810.7%120,053,71222,4674,818,191,8413,022,321,6755,165,241,3983,344,477,923322,156,24810.7%120,053,712
PERS PROP & CENT ASSD171,024,013121,387,952174,216,268139,807,88318,419,93115.2%223,630171,024,013121,387,952174,216,268139,807,88318,419,93115.2%223,630
ALL ASSESSED PROPERTY4,989,215,8543,143,709,6275,339,457,6663,484,285,806340,576,17910.8%120,277,3424,989,215,8543,143,709,6275,339,457,6663,484,285,806340,576,17910.8%120,277,342
2020 City of Homestead Preliminary Assessment Roll Values and  Comparison
2019 PRELIMINARY VALUES2020 PRELIMINARY VALUES2020 PRELIMINARY VALUES
----------------Page (10) Break----------------
MIAMI-DADE COUNTY
PROPERTY APPRAISER
2020 ASSESSMENT ROLL CHANGE BY PROPERTY TYPE
July 1, 2020
2020TAXABLE TAXABLE 
PROPERTY TYPECOUNTJUST VALUETAXABLE VALUEJUST VALUETAXABLE VALUEVALUE DIFFPCTNEW CONSCOUNTJUST VALUETAXABLE VALUEJUST VALUETAXABLE VALUEVALUE DIFFPCTNEW CONS
SINGLE FAMILY3,1391,615,497,187980,372,4871,650,820,4241,029,490,87049,118,3835.0%4,844,9753,1391,615,497,187980,372,4871,650,820,4241,029,490,87049,118,3835.0%4,844,975
CONDOMINIUM54288,628,20952,902,39191,899,76856,412,6373,510,2466.6%054288,628,20952,902,39191,899,76856,412,6373,510,2466.6%0
MULTI FAMILY8243,607,48931,220,96744,705,11433,315,6832,094,7166.7%297,9248243,607,48931,220,96744,705,11433,315,6832,094,7166.7%297,924
COMMERCIAL81109,540,31687,861,218109,497,38490,694,4392,833,2213.2%081109,540,31687,861,218109,497,38490,694,4392,833,2213.2%0
INDUSTRIAL00000000000000
AGRICULTURE00000000000000
VACANT LAND5716,038,09213,505,97317,641,78214,578,8851,072,9127.9%-863,1235716,038,09213,505,97317,641,78214,578,8851,072,9127.9%-863,123
INSTITUTIONAL24135,744,535947,640139,099,2971,350,353402,71342.5%024135,744,535947,640139,099,2971,350,353402,71342.5%0
GOVERNMENTAL3325,068,277739,74321,040,357739,74300.0%03325,068,277739,74321,040,357739,74300.0%0
OTHER PROPERTIES410,834,9886,371,8786,936,7056,587,522215,6443.4%-357,318410,834,9886,371,8786,936,7056,587,522215,6443.4%-357,318
REAL ESTATE PARCELS3,9622,044,959,0931,173,922,2972,081,640,8311,233,170,13259,247,8355.0%3,922,4583,9622,044,959,0931,173,922,2972,081,640,8311,233,170,13259,247,8355.0%3,922,458
PERS PROP & CENT ASSD39,541,49222,464,93242,127,61624,137,3291,672,3977.4%039,541,49222,464,93242,127,61624,137,3291,672,3977.4%0
ALL ASSESSED PROPERTY2,084,500,5851,196,387,2292,123,768,4471,257,307,46160,920,2325.1%3,922,4582,084,500,5851,196,387,2292,123,768,4471,257,307,46160,920,2325.1%3,922,458
2019 PRELIMINARY VALUES2020 PRELIMINARY VALUES2020 PRELIMINARY VALUES
2020 Miami Shores Village Preliminary Assessment Roll Values and  Comparison
----------------Page (11) Break----------------
MIAMI-DADE COUNTY
PROPERTY APPRAISER
2020 ASSESSMENT ROLL CHANGE BY PROPERTY TYPE
July 1, 2020
2020TAXABLE TAXABLE 
PROPERTY TYPECOUNTJUST VALUETAXABLE VALUEJUST VALUETAXABLE VALUEVALUE DIFFPCTNEW CONSCOUNTJUST VALUETAXABLE VALUEJUST VALUETAXABLE VALUEVALUE DIFFPCTNEW CONS
SINGLE FAMILY174571,083,486417,017,275615,992,969456,253,43939,236,1649.4%-170,644174571,083,486417,017,275615,992,969456,253,43939,236,1649.4%-170,644
CONDOMINIUM3,3334,710,802,6974,335,124,3124,233,595,4634,041,868,513-293,255,799-6.8%03,3334,710,802,6974,335,124,3124,233,595,4634,041,868,513-293,255,799-6.8%0
MULTI FAMILY750,421,57544,928,34351,785,38346,915,2131,986,8704.4%0750,421,57544,928,34351,785,38346,915,2131,986,8704.4%0
COMMERCIAL388642,413,314589,779,105639,222,999610,153,54020,374,4353.5%0388642,413,314589,779,105639,222,999610,153,54020,374,4353.5%0
INDUSTRIAL00000000000000
AGRICULTURE00000000000000
VACANT LAND6255,570,60940,248,79064,512,06249,782,8889,534,09823.7%-647,2046255,570,60940,248,79064,512,06249,782,8889,534,09823.7%-647,204
INSTITUTIONAL00000000000000
GOVERNMENTAL619,315,204019,356,220000619,315,204019,356,220000
OTHER PROPERTIES51,1001,1001,1001,10000.0%051,1001,1001,1001,10000.0%0
REAL ESTATE PARCELS3,9756,049,607,9855,427,098,9255,624,466,1965,204,974,693-222,124,232-4.1%-817,8483,9756,049,607,9855,427,098,9255,624,466,1965,204,974,693-222,124,232-4.1%-817,848
PERS PROP & CENT ASSD80,740,68373,018,90179,630,70572,015,813-1,003,088-1.4%080,740,68373,018,90179,630,70572,015,813-1,003,088-1.4%0
ALL ASSESSED PROPERTY6,130,348,6685,500,117,8265,704,096,9015,276,990,506-223,127,320-4.1%-817,8486,130,348,6685,500,117,8265,704,096,9015,276,990,506-223,127,320-4.1%-817,848
2019 PRELIMINARY VALUES2020 PRELIMINARY VALUES2020 PRELIMINARY VALUES
2020 Bal Harbour Village Preliminary Assessment Roll Values and  Comparison
----------------Page (12) Break----------------
MIAMI-DADE COUNTY
PROPERTY APPRAISER
2020 ASSESSMENT ROLL CHANGE BY PROPERTY TYPE
July 1, 2020
2020TAXABLE TAXABLE 
PROPERTY TYPECOUNTJUST VALUETAXABLE VALUEJUST VALUETAXABLE VALUEVALUE DIFFPCTNEW CONSCOUNTJUST VALUETAXABLE VALUEJUST VALUETAXABLE VALUEVALUE DIFFPCTNEW CONS
SINGLE FAMILY269572,929,557330,090,985565,295,993370,353,88340,262,89812.2%28,937,269269572,929,557330,090,985565,295,993370,353,88340,262,89812.2%28,937,269
CONDOMINIUM2,405737,214,285583,228,488749,646,532625,822,62542,594,1377.3%62,272,3332,405737,214,285583,228,488749,646,532625,822,62542,594,1377.3%62,272,333
MULTI FAMILY58137,577,468108,784,876131,340,869109,231,772446,8960.4%058137,577,468108,784,876131,340,869109,231,772446,8960.4%0
COMMERCIAL105191,926,088148,642,343185,424,824130,880,588-17,761,755-11.9%0105191,926,088148,642,343185,424,824130,880,588-17,761,755-11.9%0
INDUSTRIAL00000000000000
AGRICULTURE00000000000000
VACANT LAND200177,477,166146,495,052144,840,450119,530,762-26,964,290-18.4%-2,951200177,477,166146,495,052144,840,450119,530,762-26,964,290-18.4%-2,951
INSTITUTIONAL00000000000000
GOVERNMENTAL21115,982,2890111,514,1842,388,0462,388,046021115,982,2890111,514,1842,388,0462,388,0460
OTHER PROPERTIES50000005000000
REAL ESTATE PARCELS3,0631,933,106,8531,317,241,7441,888,062,8521,358,207,67640,965,9323.1%91,206,6513,0631,933,106,8531,317,241,7441,888,062,8521,358,207,67640,965,9323.1%91,206,651
PERS PROP & CENT ASSD18,943,84516,634,25722,451,97420,014,0243,379,76720.3%884,62918,943,84516,634,25722,451,97420,014,0243,379,76720.3%884,629
ALL ASSESSED PROPERTY1,952,050,6981,333,876,0011,910,514,8261,378,221,70044,345,6993.3%92,091,2801,952,050,6981,333,876,0011,910,514,8261,378,221,70044,345,6993.3%92,091,280
2020 Town of Bay Harbor Islands Preliminary Assessment Roll Values and  Comparison
2019 PRELIMINARY VALUES2020 PRELIMINARY VALUES2020 PRELIMINARY VALUES
----------------Page (13) Break----------------
MIAMI-DADE COUNTY
PROPERTY APPRAISER
2020 ASSESSMENT ROLL CHANGE BY PROPERTY TYPE
July 1, 2020
2020TAXABLE TAXABLE 
PROPERTY TYPECOUNTJUST VALUETAXABLE VALUEJUST VALUETAXABLE VALUEVALUE DIFFPCTNEW CONSCOUNTJUST VALUETAXABLE VALUEJUST VALUETAXABLE VALUEVALUE DIFFPCTNEW CONS
SINGLE FAMILY1,109789,957,971508,675,019797,479,594530,614,01621,938,9974.3%7,601,4201,109789,957,971508,675,019797,479,594530,614,01621,938,9974.3%7,601,420
CONDOMINIUM2,2202,194,970,7812,018,544,6882,081,962,1481,973,831,623-44,713,065-2.2%02,2202,194,970,7812,018,544,6882,081,962,1481,973,831,623-44,713,065-2.2%0
MULTI FAMILY41108,111,813101,686,515142,988,576131,167,36829,480,85329.0%34,948,57941108,111,813101,686,515142,988,576131,167,36829,480,85329.0%34,948,579
COMMERCIAL157448,951,706398,533,611489,410,349417,842,65319,309,0424.8%2,316,701157448,951,706398,533,611489,410,349417,842,65319,309,0424.8%2,316,701
INDUSTRIAL00000000000000
AGRICULTURE00000000000000
VACANT LAND7570,600,75055,755,22644,268,22031,028,349-24,726,877-44.3%-538,2797570,600,75055,755,22644,268,22031,028,349-24,726,877-44.3%-538,279
INSTITUTIONAL619,712,518020,075,729000619,712,518020,075,729000
GOVERNMENTAL48106,407,3120106,690,63900048106,407,3120106,690,639000
OTHER PROPERTIES1299,016286,788299,016286,78800.0%01299,016286,788299,016286,78800.0%0
REAL ESTATE PARCELS3,6573,739,011,8673,083,481,8473,683,174,2713,084,770,7971,288,9500.0%44,328,4213,6573,739,011,8673,083,481,8473,683,174,2713,084,770,7971,288,9500.0%44,328,421
PERS PROP & CENT ASSD35,133,54833,151,54843,338,20441,266,2208,114,67224.5%3,141,94035,133,54833,151,54843,338,20441,266,2208,114,67224.5%3,141,940
ALL ASSESSED PROPERTY3,774,145,4153,116,633,3953,726,512,4753,126,037,0179,403,6220.3%47,470,3613,774,145,4153,116,633,3953,726,512,4753,126,037,0179,403,6220.3%47,470,361
2020 Town of Surfside Preliminary Assessment Roll Values and  Comparison
2019 PRELIMINARY VALUES2020 PRELIMINARY VALUES2020 PRELIMINARY VALUES
----------------Page (14) Break----------------
MIAMI-DADE COUNTY
PROPERTY APPRAISER
2020 ASSESSMENT ROLL CHANGE BY PROPERTY TYPE
July 1, 2020
2020TAXABLE TAXABLE 
PROPERTY TYPECOUNTJUST VALUETAXABLE VALUEJUST VALUETAXABLE VALUEVALUE DIFFPCTNEW CONSCOUNTJUST VALUETAXABLE VALUEJUST VALUETAXABLE VALUEVALUE DIFFPCTNEW CONS
SINGLE FAMILY1,421421,050,889226,524,623451,882,278244,951,00218,426,3798.1%790,8361,421421,050,889226,524,623451,882,278244,951,00218,426,3798.1%790,836
CONDOMINIUM8116,273,9009,311,89316,273,9009,943,634631,7416.8%08116,273,9009,311,89316,273,9009,943,634631,7416.8%0
MULTI FAMILY98185,457,804180,937,820247,967,568242,911,24661,973,42634.3%52,846,49198185,457,804180,937,820247,967,568242,911,24661,973,42634.3%52,846,491
COMMERCIAL92118,177,377111,884,020118,027,802113,977,9502,093,9301.9%092118,177,377111,884,020118,027,802113,977,9502,093,9301.9%0
INDUSTRIAL21,762,1441,733,5311,820,9481,820,94887,4175.0%021,762,1441,733,5311,820,9481,820,94887,4175.0%0
AGRICULTURE00000000000000
VACANT LAND269,598,7578,764,4918,877,6248,094,522-669,969-7.6%-151,901269,598,7578,764,4918,877,6248,094,522-669,969-7.6%-151,901
INSTITUTIONAL410,239,6084,315,60512,074,0354,380,01864,4131.5%0410,239,6084,315,60512,074,0354,380,01864,4131.5%0
GOVERNMENTAL1513,186,611013,671,7440001513,186,611013,671,744000
OTHER PROPERTIES33,190,6763,190,6763,192,6823,192,6822,0060.1%033,190,6763,190,6763,192,6823,192,6822,0060.1%0
REAL ESTATE PARCELS1,742778,937,766546,662,659873,788,581629,272,00282,609,34315.1%53,485,4261,742778,937,766546,662,659873,788,581629,272,00282,609,34315.1%53,485,426
PERS PROP & CENT ASSD25,124,81523,171,69925,891,69323,813,158641,4592.8%025,124,81523,171,69925,891,69323,813,158641,4592.8%0
ALL ASSESSED PROPERTY804,062,581569,834,358899,680,274653,085,16083,250,80214.6%53,485,426804,062,581569,834,358899,680,274653,085,16083,250,80214.6%53,485,426
2020 City of West Miami Preliminary Assessment Roll Values and  Comparison
2019 PRELIMINARY VALUES2020 PRELIMINARY VALUES2020 PRELIMINARY VALUES
----------------Page (15) Break----------------
MIAMI-DADE COUNTY
PROPERTY APPRAISER
2020 ASSESSMENT ROLL CHANGE BY PROPERTY TYPE
July 1, 2020
2020TAXABLE TAXABLE 
PROPERTY TYPECOUNTJUST VALUETAXABLE VALUEJUST VALUETAXABLE VALUEVALUE DIFFPCTNEW CONSCOUNTJUST VALUETAXABLE VALUEJUST VALUETAXABLE VALUEVALUE DIFFPCTNEW CONS
SINGLE FAMILY1,576209,740,222101,402,667226,228,568118,035,02916,632,36216.4%3,953,1881,576209,740,222101,402,667226,228,568118,035,02916,632,36216.4%3,953,188
CONDOMINIUM26528,175,93422,296,85430,909,57424,703,5312,406,67710.8%1,260,00026528,175,93422,296,85430,909,57424,703,5312,406,67710.8%1,260,000
MULTI FAMILY19383,581,18050,461,783114,266,77675,076,61424,614,83148.8%15,617,34819383,581,18050,461,783114,266,77675,076,61424,614,83148.8%15,617,348
COMMERCIAL138235,797,770219,513,510255,309,644228,114,8188,601,3083.9%254,149138235,797,770219,513,510255,309,644228,114,8188,601,3083.9%254,149
INDUSTRIAL2937,541,73835,497,21238,518,27137,386,0721,888,8605.3%02937,541,73835,497,21238,518,27137,386,0721,888,8605.3%0
AGRICULTURE5150,226,8337,491,02746,868,2176,637,561-853,466-11.4%05150,226,8337,491,02746,868,2176,637,561-853,466-11.4%0
VACANT LAND1,05979,109,67964,619,85496,469,13177,500,75012,880,89619.9%-68,9791,05979,109,67964,619,85496,469,13177,500,75012,880,89619.9%-68,979
INSTITUTIONAL4423,339,1295,767,17324,186,3535,972,797205,6243.6%04423,339,1295,767,17324,186,3535,972,797205,6243.6%0
GOVERNMENTAL16384,076,283390,59583,054,170429,65439,05910.0%016384,076,283390,59583,054,170429,65439,05910.0%0
OTHER PROPERTIES231,130,204808,7811,054,294957,305148,52418.4%0231,130,204808,7811,054,294957,305148,52418.4%0
REAL ESTATE PARCELS3,541832,718,972508,249,456916,864,998574,814,13166,564,67513.1%21,015,7063,541832,718,972508,249,456916,864,998574,814,13166,564,67513.1%21,015,706
PERS PROP & CENT ASSD58,387,70751,334,80668,083,02162,015,38810,680,58220.8%2,980,36258,387,70751,334,80668,083,02162,015,38810,680,58220.8%2,980,362
ALL ASSESSED PROPERTY891,106,679559,584,262984,948,019636,829,51977,245,25713.8%23,996,068891,106,679559,584,262984,948,019636,829,51977,245,25713.8%23,996,068
2019 PRELIMINARY VALUES2020 PRELIMINARY VALUES2020 PRELIMINARY VALUES
2020 City of Florida City Preliminary Assessment Roll Values and  Comparison
----------------Page (16) Break----------------
MIAMI-DADE COUNTY
PROPERTY APPRAISER
2020 ASSESSMENT ROLL CHANGE BY PROPERTY TYPE
July 1, 2020
2020TAXABLE TAXABLE 
PROPERTY TYPECOUNTJUST VALUETAXABLE VALUEJUST VALUETAXABLE VALUEVALUE DIFFPCTNEW CONSCOUNTJUST VALUETAXABLE VALUEJUST VALUETAXABLE VALUEVALUE DIFFPCTNEW CONS
SINGLE FAMILY858331,507,096178,894,753337,373,645190,598,05411,703,3016.5%1,344,599858331,507,096178,894,753337,373,645190,598,05411,703,3016.5%1,344,599
CONDOMINIUM00000000000000
MULTI FAMILY20962,324,03147,456,70966,502,51752,542,6095,085,90010.7%-186,25720962,324,03147,456,70966,502,51752,542,6095,085,90010.7%-186,257
COMMERCIAL1872,3230785,4500001872,3230785,450000
INDUSTRIAL00000000000000
AGRICULTURE00000000000000
VACANT LAND121,972,6071,300,9222,391,7681,868,845567,92343.7%-142,463121,972,6071,300,9222,391,7681,868,845567,92343.7%-142,463
INSTITUTIONAL12,154,06102,043,67200012,154,06102,043,672000
GOVERNMENTAL128,670,14708,007,705000128,670,14708,007,705000
OTHER PROPERTIES00000000000000
REAL ESTATE PARCELS1,093407,500,265227,652,384417,104,757245,009,50817,357,1247.6%1,015,8791,093407,500,265227,652,384417,104,757245,009,50817,357,1247.6%1,015,879
PERS PROP & CENT ASSD3,682,9903,549,1764,405,6544,278,633729,45720.6%197,0813,682,9903,549,1764,405,6544,278,633729,45720.6%197,081
ALL ASSESSED PROPERTY411,183,255231,201,560421,510,411249,288,14118,086,5817.8%1,212,960411,183,255231,201,560421,510,411249,288,14118,086,5817.8%1,212,960
2019 PRELIMINARY VALUES2020 PRELIMINARY VALUES2020 PRELIMINARY VALUES
2020 Village of Biscayne Park Preliminary Assessment Roll Values and  Comparison
----------------Page (17) Break----------------
MIAMI-DADE COUNTY
PROPERTY APPRAISER
2020 ASSESSMENT ROLL CHANGE BY PROPERTY TYPE
July 1, 2020
2020TAXABLE TAXABLE 
PROPERTY TYPECOUNTJUST VALUETAXABLE VALUEJUST VALUETAXABLE VALUEVALUE DIFFPCTNEW CONSCOUNTJUST VALUETAXABLE VALUEJUST VALUETAXABLE VALUEVALUE DIFFPCTNEW CONS
SINGLE FAMILY698237,947,560122,626,266252,596,191134,250,13611,623,8709.5%501,783698237,947,560122,626,266252,596,191134,250,13611,623,8709.5%501,783
CONDOMINIUM00000000000000
MULTI FAMILY5624,757,25018,852,61427,681,37620,618,9571,766,3439.4%39,5855624,757,25018,852,61427,681,37620,618,9571,766,3439.4%39,585
COMMERCIAL1011,766,41211,028,6549,168,4657,698,503-3,330,151-30.2%01011,766,41211,028,6549,168,4657,698,503-3,330,151-30.2%0
INDUSTRIAL13,115,9603,066,2513,115,9602,929,922-136,329-4.4%013,115,9603,066,2513,115,9602,929,922-136,329-4.4%0
AGRICULTURE00000000000000
VACANT LAND237,546,4846,323,83411,885,01710,269,1003,945,26662.4%0237,546,4846,323,83411,885,01710,269,1003,945,26662.4%0
INSTITUTIONAL23,612,1752,547,8314,024,3542,802,614254,78310.0%023,612,1752,547,8314,024,3542,802,614254,78310.0%0
GOVERNMENTAL68,576,44309,083,18300068,576,44309,083,183000
OTHER PROPERTIES00000000000000
REAL ESTATE PARCELS796297,322,284164,445,450317,554,546178,569,23214,123,7828.6%541,368796297,322,284164,445,450317,554,546178,569,23214,123,7828.6%541,368
PERS PROP & CENT ASSD3,541,5083,402,7033,522,8983,389,231-13,472-0.4%03,541,5083,402,7033,522,8983,389,231-13,472-0.4%0
ALL ASSESSED PROPERTY300,863,792167,848,153321,077,444181,958,46314,110,3108.4%541,368300,863,792167,848,153321,077,444181,958,46314,110,3108.4%541,368
2020 Village of El Portal Preliminary Assessment Roll Values and  Comparison
2019 PRELIMINARY VALUES2020 PRELIMINARY VALUES2020 PRELIMINARY VALUES
----------------Page (18) Break----------------
MIAMI-DADE COUNTY
PROPERTY APPRAISER
2020 ASSESSMENT ROLL CHANGE BY PROPERTY TYPE
July 1, 2020
2020TAXABLE TAXABLE 
PROPERTY TYPECOUNTJUST VALUETAXABLE VALUEJUST VALUETAXABLE VALUEVALUE DIFFPCTNEW CONSCOUNTJUST VALUETAXABLE VALUEJUST VALUETAXABLE VALUEVALUE DIFFPCTNEW CONS
SINGLE FAMILY3481,409,632,6021,011,906,7691,397,206,2141,050,496,22738,589,4583.8%16,938,5693481,409,632,6021,011,906,7691,397,206,2141,050,496,22738,589,4583.8%16,938,569
CONDOMINIUM00000000000000
MULTI FAMILY319,266,4906,560,09317,880,0366,651,91891,8251.4%0319,266,4906,560,09317,880,0366,651,91891,8251.4%0
COMMERCIAL00000000000000
INDUSTRIAL00000000000000
AGRICULTURE00000000000000
VACANT LAND44143,044,256140,171,400123,668,769120,152,557-20,018,843-14.3%-842,37844143,044,256140,171,400123,668,769120,152,557-20,018,843-14.3%-842,378
INSTITUTIONAL00000000000000
GOVERNMENTAL1022,862,720022,578,0320001022,862,720022,578,032000
OTHER PROPERTIES00000000000000
REAL ESTATE PARCELS4051,594,806,0681,158,638,2621,561,333,0511,177,300,70218,662,4401.6%16,096,1914051,594,806,0681,158,638,2621,561,333,0511,177,300,70218,662,4401.6%16,096,191
PERS PROP & CENT ASSD1,976,9761,905,1762,265,9392,220,801315,62516.6%29,8491,976,9761,905,1762,265,9392,220,801315,62516.6%29,849
ALL ASSESSED PROPERTY1,596,783,0441,160,543,4381,563,598,9901,179,521,50318,978,0651.6%16,126,0401,596,783,0441,160,543,4381,563,598,9901,179,521,50318,978,0651.6%16,126,040
2020 Town of Golden Beach Preliminary Assessment Roll Values and  Comparison
2019 PRELIMINARY VALUES2020 PRELIMINARY VALUES2020 PRELIMINARY VALUES
----------------Page (19) Break----------------
MIAMI-DADE COUNTY
PROPERTY APPRAISER
2020 ASSESSMENT ROLL CHANGE BY PROPERTY TYPE
July 1, 2020
2020TAXABLE TAXABLE 
PROPERTY TYPECOUNTJUST VALUETAXABLE VALUEJUST VALUETAXABLE VALUEVALUE DIFFPCTNEW CONSCOUNTJUST VALUETAXABLE VALUEJUST VALUETAXABLE VALUEVALUE DIFFPCTNEW CONS
SINGLE FAMILY5,0775,261,419,4894,005,204,5555,185,660,2094,101,724,16396,519,6082.4%57,234,3025,0775,261,419,4894,005,204,5555,185,660,2094,101,724,16396,519,6082.4%57,234,302
CONDOMINIUM856209,130,796160,846,887207,204,800163,479,6222,632,7351.6%2,870,000856209,130,796160,846,887207,204,800163,479,6222,632,7351.6%2,870,000
MULTI FAMILY116115,681,04098,994,571112,096,32498,760,879-233,692-0.2%-56,220116115,681,04098,994,571112,096,32498,760,879-233,692-0.2%-56,220
COMMERCIAL146624,621,475545,430,113620,488,524570,133,91924,703,8064.5%500,847146624,621,475545,430,113620,488,524570,133,91924,703,8064.5%500,847
INDUSTRIAL24,756,0893,572,9294,772,1353,875,173302,2448.5%024,756,0893,572,9294,772,1353,875,173302,2448.5%0
AGRICULTURE1532,194,19119,066,24429,294,68018,496,642-569,602-3.0%01532,194,19119,066,24429,294,68018,496,642-569,602-3.0%0
VACANT LAND217149,322,386132,957,492143,759,941128,096,971-4,860,521-3.7%-870,180217149,322,386132,957,492143,759,941128,096,971-4,860,521-3.7%-870,180
INSTITUTIONAL1687,791,9782,475,81189,965,1998,119,6015,643,790228.0%01687,791,9782,475,81189,965,1998,119,6015,643,790228.0%0
GOVERNMENTAL2584,308,982084,618,8030002584,308,982084,618,803000
OTHER PROPERTIES266,604,6425,005,0887,701,6196,429,4091,424,32128.5%-654,575266,604,6425,005,0887,701,6196,429,4091,424,32128.5%-654,575
REAL ESTATE PARCELS6,4966,575,831,0684,973,553,6906,485,562,2345,099,116,379125,562,6892.5%59,024,1746,4966,575,831,0684,973,553,6906,485,562,2345,099,116,379125,562,6892.5%59,024,174
PERS PROP & CENT ASSD69,297,29451,513,47172,116,81255,481,1343,967,6637.7%069,297,29451,513,47172,116,81255,481,1343,967,6637.7%0
ALL ASSESSED PROPERTY6,645,128,3625,025,067,1616,557,679,0465,154,597,513129,530,3522.6%59,024,1746,645,128,3625,025,067,1616,557,679,0465,154,597,513129,530,3522.6%59,024,174
2020 Village of Pinecrest Preliminary Assessment Roll Values and  Comparison
2019 PRELIMINARY VALUES2020 PRELIMINARY VALUES2020 PRELIMINARY VALUES
----------------Page (20) Break----------------
MIAMI-DADE COUNTY
PROPERTY APPRAISER
2020 ASSESSMENT ROLL CHANGE BY PROPERTY TYPE
July 1, 2020
2020TAXABLE TAXABLE 
PROPERTY TYPECOUNTJUST VALUETAXABLE VALUEJUST VALUETAXABLE VALUEVALUE DIFFPCTNEW CONSCOUNTJUST VALUETAXABLE VALUEJUST VALUETAXABLE VALUEVALUE DIFFPCTNEW CONS
SINGLE FAMILY30737,901,074482,579,201733,141,133500,303,06217,723,8613.7%-215,56130737,901,074482,579,201733,141,133500,303,06217,723,8613.7%-215,561
CONDOMINIUM00000000000000
MULTI FAMILY00000000000000
COMMERCIAL19,374,9969,374,9969,585,3439,585,343210,3472.2%019,374,9969,374,9969,585,3439,585,343210,3472.2%0
INDUSTRIAL00000000000000
AGRICULTURE00000000000000
VACANT LAND10187,116,499157,105,943187,113,116164,483,5257,377,5824.7%010187,116,499157,105,943187,113,116164,483,5257,377,5824.7%0
INSTITUTIONAL2401,000401,000401,000401,00000.0%02401,000401,000401,000401,00000.0%0
GOVERNMENTAL21,562,77101,577,60500021,562,77101,577,605000
OTHER PROPERTIES117,90817,90817,90817,90800.0%0117,90817,90817,90817,90800.0%0
REAL ESTATE PARCELS46936,374,248649,479,048931,836,105674,790,83825,311,7903.9%-215,56146936,374,248649,479,048931,836,105674,790,83825,311,7903.9%-215,561
PERS PROP & CENT ASSD3,814,4273,785,2363,559,3533,533,993-251,243-6.6%03,814,4273,785,2363,559,3533,533,993-251,243-6.6%0
ALL ASSESSED PROPERTY940,188,675653,264,284935,395,458678,324,83125,060,5473.8%-215,561940,188,675653,264,284935,395,458678,324,83125,060,5473.8%-215,561
2019 PRELIMINARY VALUES2020 PRELIMINARY VALUES2020 PRELIMINARY VALUES
2020 Indian Creek Village Preliminary Assessment Roll Values and  Comparison
----------------Page (21) Break----------------
MIAMI-DADE COUNTY
PROPERTY APPRAISER
2020 ASSESSMENT ROLL CHANGE BY PROPERTY TYPE
July 1, 2020
2020TAXABLE TAXABLE 
PROPERTY TYPECOUNTJUST VALUETAXABLE VALUEJUST VALUETAXABLE VALUEVALUE DIFFPCTNEW CONSCOUNTJUST VALUETAXABLE VALUEJUST VALUETAXABLE VALUEVALUE DIFFPCTNEW CONS
SINGLE FAMILY8111,595,2195,666,05011,755,4475,876,212210,1623.7%17,2068111,595,2195,666,05011,755,4475,876,212210,1623.7%17,206
CONDOMINIUM00000000000000
MULTI FAMILY61,156,028844,2421,178,789889,64245,4005.4%061,156,028844,2421,178,789889,64245,4005.4%0
COMMERCIAL93190,485,605166,914,882202,649,786178,047,54611,132,6646.7%82,39993190,485,605166,914,882202,649,786178,047,54611,132,6646.7%82,399
INDUSTRIAL6581,808,241,6001,706,895,3622,249,557,2261,886,846,075179,950,71310.5%39,263,8346581,808,241,6001,706,895,3622,249,557,2261,886,846,075179,950,71310.5%39,263,834
AGRICULTURE00000000000000
VACANT LAND254277,696,865198,896,046323,060,570237,047,31538,151,26919.2%-144,754254277,696,865198,896,046323,060,570237,047,31538,151,26919.2%-144,754
INSTITUTIONAL00000000000000
GOVERNMENTAL8349,609,72843,02755,064,073121-42,906-99.7%08349,609,72843,02755,064,073121-42,906-99.7%0
OTHER PROPERTIES68,972,9746,928,85710,429,5487,772,363843,50612.2%204,17368,972,9746,928,85710,429,5487,772,363843,50612.2%204,173
REAL ESTATE PARCELS1,1812,347,758,0192,086,188,4662,853,695,4392,316,479,274230,290,80811.0%39,422,8581,1812,347,758,0192,086,188,4662,853,695,4392,316,479,274230,290,80811.0%39,422,858
PERS PROP & CENT ASSD352,630,214332,815,812352,358,933331,930,540-885,272-0.3%0352,630,214332,815,812352,358,933331,930,540-885,272-0.3%0
ALL ASSESSED PROPERTY2,700,388,2332,419,004,2783,206,054,3722,648,409,814229,405,5369.5%39,422,8582,700,388,2332,419,004,2783,206,054,3722,648,409,814229,405,5369.5%39,422,858
2019 PRELIMINARY VALUES2020 PRELIMINARY VALUES2020 PRELIMINARY VALUES
2020 Town of Medley Preliminary Assessment Roll Values and  Comparison
----------------Page (22) Break----------------
MIAMI-DADE COUNTY
PROPERTY APPRAISER
2020 ASSESSMENT ROLL CHANGE BY PROPERTY TYPE
July 1, 2020
2020TAXABLE TAXABLE 
PROPERTY TYPECOUNTJUST VALUETAXABLE VALUEJUST VALUETAXABLE VALUEVALUE DIFFPCTNEW CONSCOUNTJUST VALUETAXABLE VALUEJUST VALUETAXABLE VALUEVALUE DIFFPCTNEW CONS
SINGLE FAMILY385282,271,625185,874,119291,454,749197,867,89511,993,7766.5%3,583,944385282,271,625185,874,119291,454,749197,867,89511,993,7766.5%3,583,944
CONDOMINIUM3,171724,328,332617,482,536635,540,975555,920,251-61,562,285-10.0%03,171724,328,332617,482,536635,540,975555,920,251-61,562,285-10.0%0
MULTI FAMILY21116,425,806114,134,252150,888,735149,268,61835,134,36630.8%18,158,25521116,425,806114,134,252150,888,735149,268,61835,134,36630.8%18,158,255
COMMERCIAL8287,309,93777,193,25993,039,07781,738,6804,545,4215.9%08287,309,93777,193,25993,039,07781,738,6804,545,4215.9%0
INDUSTRIAL18,195,0008,195,0008,195,0008,195,00000.0%018,195,0008,195,0008,195,0008,195,00000.0%0
AGRICULTURE00000000000000
VACANT LAND7233,255,29530,592,93133,902,44630,748,467155,5360.5%-163,8877233,255,29530,592,93133,902,44630,748,467155,5360.5%-163,887
INSTITUTIONAL28,562,8257,977,04910,934,0498,774,753797,70410.0%028,562,8257,977,04910,934,0498,774,753797,70410.0%0
GOVERNMENTAL614,087,403014,941,420000614,087,403014,941,420000
OTHER PROPERTIES720,601,58220,326,68321,800,79820,943,527616,8443.0%0720,601,58220,326,68321,800,79820,943,527616,8443.0%0
REAL ESTATE PARCELS3,7471,295,037,8051,061,775,8291,260,697,2491,053,457,191-8,318,638-0.8%21,578,3123,7471,295,037,8051,061,775,8291,260,697,2491,053,457,191-8,318,638-0.8%21,578,312
PERS PROP & CENT ASSD31,777,51529,430,46032,620,14330,314,692884,2323.0%031,777,51529,430,46032,620,14330,314,692884,2323.0%0
ALL ASSESSED PROPERTY1,326,815,3201,091,206,2891,293,317,3921,083,771,883-7,434,406-0.7%21,578,3121,326,815,3201,091,206,2891,293,317,3921,083,771,883-7,434,406-0.7%21,578,312
2020 North Bay Village Preliminary Assessment Roll Values and  Comparison
2019 PRELIMINARY VALUES2020 PRELIMINARY VALUES2020 PRELIMINARY VALUES
----------------Page (23) Break----------------
MIAMI-DADE COUNTY
PROPERTY APPRAISER
2020 ASSESSMENT ROLL CHANGE BY PROPERTY TYPE
July 1, 2020
2020TAXABLE TAXABLE 
PROPERTY TYPECOUNTJUST VALUETAXABLE VALUEJUST VALUETAXABLE VALUEVALUE DIFFPCTNEW CONSCOUNTJUST VALUETAXABLE VALUEJUST VALUETAXABLE VALUEVALUE DIFFPCTNEW CONS
SINGLE FAMILY1,2933,447,019,7602,815,563,3703,292,417,7482,764,969,049-50,594,321-1.8%17,462,0761,2933,447,019,7602,815,563,3703,292,417,7482,764,969,049-50,594,321-1.8%17,462,076
CONDOMINIUM5,5675,276,669,0494,775,051,9405,121,239,6614,696,753,434-78,298,506-1.6%05,5675,276,669,0494,775,051,9405,121,239,6614,696,753,434-78,298,506-1.6%0
MULTI FAMILY611,615,69810,814,13710,376,7059,609,728-1,204,409-11.1%0611,615,69810,814,13710,376,7059,609,728-1,204,409-11.1%0
COMMERCIAL341583,220,436511,152,155583,444,095526,548,25915,396,1043.0%0341583,220,436511,152,155583,444,095526,548,25915,396,1043.0%0
INDUSTRIAL00000000000000
AGRICULTURE00000000000000
VACANT LAND144148,296,021147,543,165155,912,505153,928,3336,385,1684.3%-1,043,594144148,296,021147,543,165155,912,505153,928,3336,385,1684.3%-1,043,594
INSTITUTIONAL797,574,330097,001,604000797,574,330097,001,604000
GOVERNMENTAL20109,567,5420111,051,45000020109,567,5420111,051,450000
OTHER PROPERTIES117,733,6396,760,9417,759,6257,435,130674,18910.0%0117,733,6396,760,9417,759,6257,435,130674,18910.0%0
REAL ESTATE PARCELS7,3899,681,696,4758,266,885,7089,379,203,3938,159,243,933-107,641,775-1.3%16,418,4827,3899,681,696,4758,266,885,7089,379,203,3938,159,243,933-107,641,775-1.3%16,418,482
PERS PROP & CENT ASSD51,643,17943,770,98551,518,41343,407,550-363,435-0.8%051,643,17943,770,98551,518,41343,407,550-363,435-0.8%0
ALL ASSESSED PROPERTY9,733,339,6548,310,656,6939,430,721,8068,202,651,483-108,005,210-1.3%16,418,4829,733,339,6548,310,656,6939,430,721,8068,202,651,483-108,005,210-1.3%16,418,482
2020 Village of Key Biscayne Preliminary Assessment Roll Values and  Comparison
2019 PRELIMINARY VALUES2020 PRELIMINARY VALUES2020 PRELIMINARY VALUES
----------------Page (24) Break----------------
MIAMI-DADE COUNTY
PROPERTY APPRAISER
2020 ASSESSMENT ROLL CHANGE BY PROPERTY TYPE
July 1, 2020
2020TAXABLE TAXABLE 
PROPERTY TYPECOUNTJUST VALUETAXABLE VALUEJUST VALUETAXABLE VALUEVALUE DIFFPCTNEW CONSCOUNTJUST VALUETAXABLE VALUEJUST VALUETAXABLE VALUEVALUE DIFFPCTNEW CONS
SINGLE FAMILY1,059279,070,530141,435,179296,331,172148,829,3077,394,1285.2%277,1831,059279,070,530141,435,179296,331,172148,829,3077,394,1285.2%277,183
CONDOMINIUM1,686264,110,892124,381,020272,347,962133,553,6689,172,6487.4%01,686264,110,892124,381,020272,347,962133,553,6689,172,6487.4%0
MULTI FAMILY504352,355,182308,159,982412,816,907327,652,12719,492,1456.3%2,159504352,355,182308,159,982412,816,907327,652,12719,492,1456.3%2,159
COMMERCIAL619735,399,018710,332,758826,865,649763,956,31853,623,5607.5%52,184,488619735,399,018710,332,758826,865,649763,956,31853,623,5607.5%52,184,488
INDUSTRIAL338309,907,393301,753,108327,910,948319,339,51817,586,4105.8%0338309,907,393301,753,108327,910,948319,339,51817,586,4105.8%0
AGRICULTURE1826,299172,648826,287189,79717,1499.9%01826,299172,648826,287189,79717,1499.9%0
VACANT LAND186101,061,54180,607,863110,623,71682,986,0292,378,1663.0%-115,237186101,061,54180,607,863110,623,71682,986,0292,378,1663.0%-115,237
INSTITUTIONAL722,405,15318,976,73823,370,38420,203,6191,226,8816.5%0722,405,15318,976,73823,370,38420,203,6191,226,8816.5%0
GOVERNMENTAL4394,239,077637,59497,710,063789,849152,25523.9%04394,239,077637,59497,710,063789,849152,25523.9%0
OTHER PROPERTIES93,244,3042,540,5963,248,6752,761,535220,9398.7%093,244,3042,540,5963,248,6752,761,535220,9398.7%0
REAL ESTATE PARCELS4,4522,162,619,3891,688,997,4862,372,051,7631,800,261,767111,264,2816.6%52,348,5934,4522,162,619,3891,688,997,4862,372,051,7631,800,261,767111,264,2816.6%52,348,593
PERS PROP & CENT ASSD180,450,151164,739,847191,535,054176,360,98011,621,1337.1%0180,450,151164,739,847191,535,054176,360,98011,621,1337.1%0
ALL ASSESSED PROPERTY2,343,069,5401,853,737,3332,563,586,8171,976,622,747122,885,4146.6%52,348,5932,343,069,5401,853,737,3332,563,586,8171,976,622,747122,885,4146.6%52,348,593
2020 City of Sweetwater Preliminary Assessment Roll Values and  Comparison
2019 PRELIMINARY VALUES2020 PRELIMINARY VALUES2020 PRELIMINARY VALUES
----------------Page (25) Break----------------
MIAMI-DADE COUNTY
PROPERTY APPRAISER
2020 ASSESSMENT ROLL CHANGE BY PROPERTY TYPE
July 1, 2020
2020TAXABLE TAXABLE 
PROPERTY TYPECOUNTJUST VALUETAXABLE VALUEJUST VALUETAXABLE VALUEVALUE DIFFPCTNEW CONSCOUNTJUST VALUETAXABLE VALUEJUST VALUETAXABLE VALUEVALUE DIFFPCTNEW CONS
SINGLE FAMILY473134,647,87268,731,975132,514,20971,622,6642,890,6894.2%284,609473134,647,87268,731,975132,514,20971,622,6642,890,6894.2%284,609
CONDOMINIUM948,901,5466,131,4968,901,5466,423,194291,6984.8%0948,901,5466,131,4968,901,5466,423,194291,6984.8%0
MULTI FAMILY5532,420,05330,400,14134,179,52231,787,9731,387,8324.6%05532,420,05330,400,14134,179,52231,787,9731,387,8324.6%0
COMMERCIAL2377,551,39962,252,95377,265,48065,200,7502,947,7974.7%02377,551,39962,252,95377,265,48065,200,7502,947,7974.7%0
INDUSTRIAL29,790,0009,563,0009,790,0009,790,000227,0002.4%029,790,0009,563,0009,790,0009,790,000227,0002.4%0
AGRICULTURE00000000000000
VACANT LAND123,074,0502,687,1813,039,7402,772,22385,0423.2%0123,074,0502,687,1813,039,7402,772,22385,0423.2%0
INSTITUTIONAL322,990,5706,669,36923,199,9317,336,305666,93610.0%0322,990,5706,669,36923,199,9317,336,305666,93610.0%0
GOVERNMENTAL62,757,64702,777,57700062,757,64702,777,577000
OTHER PROPERTIES00000000000000
REAL ESTATE PARCELS668292,133,137186,436,115291,668,005194,933,1098,496,9944.6%284,609668292,133,137186,436,115291,668,005194,933,1098,496,9944.6%284,609
PERS PROP & CENT ASSD81,483,62580,172,20482,821,57581,440,4221,268,2181.6%081,483,62580,172,20482,821,57581,440,4221,268,2181.6%0
ALL ASSESSED PROPERTY373,616,762266,608,319374,489,580276,373,5319,765,2123.7%284,609373,616,762266,608,319374,489,580276,373,5319,765,2123.7%284,609
2019 PRELIMINARY VALUES2020 PRELIMINARY VALUES2020 PRELIMINARY VALUES
2020 Village of Virginia Gardens Preliminary Assessment Roll Values and  Comparison
----------------Page (26) Break----------------
MIAMI-DADE COUNTY
PROPERTY APPRAISER
2020 ASSESSMENT ROLL CHANGE BY PROPERTY TYPE
July 1, 2020
2020TAXABLE TAXABLE 
PROPERTY TYPECOUNTJUST VALUETAXABLE VALUEJUST VALUETAXABLE VALUEVALUE DIFFPCTNEW CONSCOUNTJUST VALUETAXABLE VALUEJUST VALUETAXABLE VALUEVALUE DIFFPCTNEW CONS
SINGLE FAMILY2,499705,984,170355,107,193731,578,442380,919,75025,812,5577.3%2,961,4622,499705,984,170355,107,193731,578,442380,919,75025,812,5577.3%2,961,462
CONDOMINIUM3,161469,094,134231,238,933488,454,151252,203,53220,964,5999.1%03,161469,094,134231,238,933488,454,151252,203,53220,964,5999.1%0
MULTI FAMILY2294,208,07586,713,375106,736,98284,367,812-2,345,563-2.7%02294,208,07586,713,375106,736,98284,367,812-2,345,563-2.7%0
COMMERCIAL101219,321,143211,260,047223,183,304218,184,1726,924,1253.3%0101219,321,143211,260,047223,183,304218,184,1726,924,1253.3%0
INDUSTRIAL349291,507,539276,520,914330,615,809311,643,01735,122,10312.7%12,782,529349291,507,539276,520,914330,615,809311,643,01735,122,10312.7%12,782,529
AGRICULTURE622,282,4882,235,13816,414,4351,759,699-475,439-21.3%0622,282,4882,235,13816,414,4351,759,699-475,439-21.3%0
VACANT LAND350187,128,601121,565,576186,577,132135,412,40813,846,83211.4%-1,052,911350187,128,601121,565,576186,577,132135,412,40813,846,83211.4%-1,052,911
INSTITUTIONAL1366,938,0475,384,08668,419,9768,882,9413,498,85565.0%01366,938,0475,384,08668,419,9768,882,9413,498,85565.0%0
GOVERNMENTAL47201,644,1771,240,696203,250,2291,364,765124,06910.0%047201,644,1771,240,696203,250,2291,364,765124,06910.0%0
OTHER PROPERTIES97,002,1006,884,4449,802,1009,802,1002,917,65642.4%097,002,1006,884,4449,802,1009,802,1002,917,65642.4%0
REAL ESTATE PARCELS6,5572,265,110,4741,298,150,4022,365,032,5601,404,540,196106,389,7948.2%14,691,0806,5572,265,110,4741,298,150,4022,365,032,5601,404,540,196106,389,7948.2%14,691,080
PERS PROP & CENT ASSD96,360,22684,677,89698,612,64087,479,7722,801,8763.3%096,360,22684,677,89698,612,64087,479,7722,801,8763.3%0
ALL ASSESSED PROPERTY2,361,470,7001,382,828,2982,463,645,2001,492,019,968109,191,6707.9%14,691,0802,361,470,7001,382,828,2982,463,645,2001,492,019,968109,191,6707.9%14,691,080
2019 PRELIMINARY VALUES2020 PRELIMINARY VALUES2020 PRELIMINARY VALUES
2020 City of Hialeah Gardens Preliminary Assessment Roll Values and  Comparison
----------------Page (27) Break----------------
MIAMI-DADE COUNTY
PROPERTY APPRAISER
2020 ASSESSMENT ROLL CHANGE BY PROPERTY TYPE
July 1, 2020
2020TAXABLE TAXABLE 
PROPERTY TYPECOUNTJUST VALUETAXABLE VALUEJUST VALUETAXABLE VALUEVALUE DIFFPCTNEW CONSCOUNTJUST VALUETAXABLE VALUEJUST VALUETAXABLE VALUEVALUE DIFFPCTNEW CONS
SINGLE FAMILY644554,374,558462,593,629487,538,070431,992,094-30,601,535-6.6%115,477644554,374,558462,593,629487,538,070431,992,094-30,601,535-6.6%115,477
CONDOMINIUM23,7158,440,997,1857,498,771,3257,917,427,9927,127,049,101-371,722,224-5.0%023,7158,440,997,1857,498,771,3257,917,427,9927,127,049,101-371,722,224-5.0%0
MULTI FAMILY23179,472,181173,432,261181,810,946176,269,4462,837,1851.6%023179,472,181173,432,261181,810,946176,269,4462,837,1851.6%0
COMMERCIAL4672,244,899,4261,962,490,1672,405,887,6932,165,980,721203,490,55410.4%92,229,6294672,244,899,4261,962,490,1672,405,887,6932,165,980,721203,490,55410.4%92,229,629
INDUSTRIAL539,489,96036,719,19039,584,75237,148,296429,1061.2%0539,489,96036,719,19039,584,75237,148,296429,1061.2%0
AGRICULTURE236,684,69827,616,73436,684,62828,446,872830,1383.0%0236,684,69827,616,73436,684,62828,446,872830,1383.0%0
VACANT LAND345111,449,53983,962,52494,927,76275,733,577-8,228,947-9.8%-266,625345111,449,53983,962,52494,927,76275,733,577-8,228,947-9.8%-266,625
INSTITUTIONAL12221,208,191182,460,868213,241,249164,823,795-17,637,073-9.7%012221,208,191182,460,868213,241,249164,823,795-17,637,073-9.7%0
GOVERNMENTAL49102,322,2270102,605,833553,654553,654049102,322,2270102,605,833553,654553,6540
OTHER PROPERTIES10945,019,07625,380,32645,863,21933,074,1617,693,83530.3%010945,019,07625,380,32645,863,21933,074,1617,693,83530.3%0
REAL ESTATE PARCELS25,37111,975,917,04110,453,427,02411,525,572,14410,241,071,717-212,355,307-2.0%92,078,48125,37111,975,917,04110,453,427,02411,525,572,14410,241,071,717-212,355,307-2.0%92,078,481
PERS PROP & CENT ASSD309,123,023286,759,608331,746,418309,145,15722,385,5497.8%0309,123,023286,759,608331,746,418309,145,15722,385,5497.8%0
ALL ASSESSED PROPERTY12,285,040,06410,740,186,63211,857,318,56210,550,216,874-189,969,758-1.8%92,078,48112,285,040,06410,740,186,63211,857,318,56210,550,216,874-189,969,758-1.8%92,078,481
2020 City of Aventura Preliminary Assessment Roll Values and  Comparison
2019 PRELIMINARY VALUES2020 PRELIMINARY VALUES2020 PRELIMINARY VALUES
----------------Page (28) Break----------------
MIAMI-DADE COUNTY
PROPERTY APPRAISER
2020 ASSESSMENT ROLL CHANGE BY PROPERTY TYPE
July 1, 2020
2020TAXABLE TAXABLE 
PROPERTY TYPECOUNTJUST VALUETAXABLE VALUEJUST VALUETAXABLE VALUEVALUE DIFFPCTNEW CONSCOUNTJUST VALUETAXABLE VALUEJUST VALUETAXABLE VALUEVALUE DIFFPCTNEW CONS
SINGLE FAMILY201,41560,289,044,15834,974,276,57862,867,574,98637,142,052,6612,167,776,0836.2%392,365,801201,41560,289,044,15834,974,276,57862,867,574,98637,142,052,6612,167,776,0836.2%392,365,801
CONDOMINIUM118,31720,322,205,21313,213,699,05021,139,651,64114,020,857,083807,158,0336.1%146,034,032118,31720,322,205,21313,213,699,05021,139,651,64114,020,857,083807,158,0336.1%146,034,032
MULTI FAMILY7,9745,837,702,9265,020,231,3606,641,677,0305,734,205,479713,974,11914.2%331,592,5277,9745,837,702,9265,020,231,3606,641,677,0305,734,205,479713,974,11914.2%331,592,527
COMMERCIAL7,08711,705,978,10210,924,116,89712,287,390,47911,475,514,796551,397,8995.0%126,483,9377,08711,705,978,10210,924,116,89712,287,390,47911,475,514,796551,397,8995.0%126,483,937
INDUSTRIAL7,5317,169,736,5536,590,523,8738,230,726,2507,246,374,356655,850,48310.0%138,124,5127,5317,169,736,5536,590,523,8738,230,726,2507,246,374,356655,850,48310.0%138,124,512
AGRICULTURE7,3933,352,687,347831,040,6903,497,167,118867,485,84436,445,1544.4%5,753,8537,3933,352,687,347831,040,6903,497,167,118867,485,84436,445,1544.4%5,753,853
VACANT LAND17,4362,737,796,1302,048,464,2972,828,621,6942,149,973,764101,509,4675.0%-25,308,99817,4362,737,796,1302,048,464,2972,828,621,6942,149,973,764101,509,4675.0%-25,308,998
INSTITUTIONAL9192,730,640,637477,269,0252,826,239,832494,982,68617,713,6613.7%2,700,4789192,730,640,637477,269,0252,826,239,832494,982,68617,713,6613.7%2,700,478
GOVERNMENTAL17,9617,818,605,16016,071,3668,028,372,07413,432,157-2,639,209-16.4%-94,64917,9617,818,605,16016,071,3668,028,372,07413,432,157-2,639,209-16.4%-94,649
OTHER PROPERTIES2,776493,513,528356,996,022505,567,083353,578,423-3,417,599-1.0%-518,6522,776493,513,528356,996,022505,567,083353,578,423-3,417,599-1.0%-518,652
REAL ESTATE PARCELS388,809122,457,909,75474,452,689,158128,852,988,18779,498,457,2495,045,768,0916.8%1,117,132,841388,809122,457,909,75474,452,689,158128,852,988,18779,498,457,2495,045,768,0916.8%1,117,132,841
PERS PROP & CENT ASSD12,131,932,6927,909,273,5538,905,275,1247,770,836,996-138,436,557-1.8%012,131,932,6927,909,273,5538,905,275,1247,770,836,996-138,436,557-1.8%0
ALL ASSESSED PROPERTY134,589,842,44682,361,962,711137,758,263,31187,269,294,2454,907,331,5346.0%1,117,132,841134,589,842,44682,361,962,711137,758,263,31187,269,294,2454,907,331,5346.0%1,117,132,841
2020 Uninc. Municipal Service Area Preliminary Assessment Roll Values and  Comparison
2019 PRELIMINARY VALUES2020 PRELIMINARY VALUES2020 PRELIMINARY VALUES
----------------Page (29) Break----------------
MIAMI-DADE COUNTY
PROPERTY APPRAISER
2020 ASSESSMENT ROLL CHANGE BY PROPERTY TYPE
July 1, 2020
2020TAXABLE TAXABLE 
PROPERTY TYPECOUNTJUST VALUETAXABLE VALUEJUST VALUETAXABLE VALUEVALUE DIFFPCTNEW CONSCOUNTJUST VALUETAXABLE VALUEJUST VALUETAXABLE VALUEVALUE DIFFPCTNEW CONS
SINGLE FAMILY376454,052,677307,473,321411,258,445305,150,965-2,322,356-0.8%5,024,728376454,052,677307,473,321411,258,445305,150,965-2,322,356-0.8%5,024,728
CONDOMINIUM16,5359,885,741,5439,230,315,01110,158,385,1489,609,112,026378,797,0154.1%921,057,35716,5359,885,741,5439,230,315,01110,158,385,1489,609,112,026378,797,0154.1%921,057,357
MULTI FAMILY18252,141,936230,238,643297,583,424252,338,30422,099,6619.6%018252,141,936230,238,643297,583,424252,338,30422,099,6619.6%0
COMMERCIAL2,2931,472,384,7961,308,286,0941,281,880,6811,176,573,029-131,713,065-10.1%17,612,0972,2931,472,384,7961,308,286,0941,281,880,6811,176,573,029-131,713,065-10.1%17,612,097
INDUSTRIAL14,735,0004,493,5004,735,0004,735,000241,5005.4%014,735,0004,493,5004,735,0004,735,000241,5005.4%0
AGRICULTURE00000000000000
VACANT LAND465520,253,662384,475,558565,310,770456,961,90872,486,35018.9%-1,468,892465520,253,662384,475,558565,310,770456,961,90872,486,35018.9%-1,468,892
INSTITUTIONAL216,921,563017,009,503000216,921,563017,009,503000
GOVERNMENTAL46154,135,29214,456,487155,100,10514,559,784103,2970.7%046154,135,29214,456,487155,100,10514,559,784103,2970.7%0
OTHER PROPERTIES193,642,6453,400,7423,643,2803,270,268-130,474-3.8%0193,642,6453,400,7423,643,2803,270,268-130,474-3.8%0
REAL ESTATE PARCELS19,75512,764,009,11411,483,139,35612,894,906,35611,822,701,284339,561,9283.0%942,225,29019,75512,764,009,11411,483,139,35612,894,906,35611,822,701,284339,561,9283.0%942,225,290
PERS PROP & CENT ASSD98,609,37585,356,307106,051,83692,810,8087,454,5018.7%098,609,37585,356,307106,051,83692,810,8087,454,5018.7%0
ALL ASSESSED PROPERTY12,862,618,48911,568,495,66313,000,958,19211,915,512,092347,016,4293.0%942,225,29012,862,618,48911,568,495,66313,000,958,19211,915,512,092347,016,4293.0%942,225,290
2020 City of Sunny Isles Beach Preliminary Assessment Roll Values and  Comparison
2019 PRELIMINARY VALUES2020 PRELIMINARY VALUES2020 PRELIMINARY VALUES
----------------Page (30) Break----------------
MIAMI-DADE COUNTY
PROPERTY APPRAISER
2020 ASSESSMENT ROLL CHANGE BY PROPERTY TYPE
July 1, 2020
2020TAXABLE TAXABLE 
PROPERTY TYPECOUNTJUST VALUETAXABLE VALUEJUST VALUETAXABLE VALUEVALUE DIFFPCTNEW CONSCOUNTJUST VALUETAXABLE VALUEJUST VALUETAXABLE VALUEVALUE DIFFPCTNEW CONS
SINGLE FAMILY5,7672,299,687,4261,506,528,3672,383,259,4141,580,875,20574,346,8384.9%17,290,8825,7672,299,687,4261,506,528,3672,383,259,4141,580,875,20574,346,8384.9%17,290,882
CONDOMINIUM3,587698,733,118459,861,828731,578,596507,391,00447,529,17610.3%26,338,0783,587698,733,118459,861,828731,578,596507,391,00447,529,17610.3%26,338,078
MULTI FAMILY26217,736,042217,421,688342,909,050331,175,884113,754,19652.3%95,004,98526217,736,042217,421,688342,909,050331,175,884113,754,19652.3%95,004,985
COMMERCIAL401613,102,810572,200,955648,487,215610,774,30738,573,3526.7%21,399,506401613,102,810572,200,955648,487,215610,774,30738,573,3526.7%21,399,506
INDUSTRIAL129343,558,830336,938,216344,588,934341,854,9524,916,7361.5%0129343,558,830336,938,216344,588,934341,854,9524,916,7361.5%0
AGRICULTURE841,882,9719,420,79949,876,9199,707,815287,0163.0%0841,882,9719,420,79949,876,9199,707,815287,0163.0%0
VACANT LAND27273,008,78766,408,46351,664,35143,770,310-22,638,153-34.1%027273,008,78766,408,46351,664,35143,770,310-22,638,153-34.1%0
INSTITUTIONAL22123,791,83520,939,910124,588,91621,438,395498,4852.4%022123,791,83520,939,910124,588,91621,438,395498,4852.4%0
GOVERNMENTAL126193,183,1155,289194,045,0235,28900.0%0126193,183,1155,289194,045,0235,28900.0%0
OTHER PROPERTIES1042,281,1631,974,1662,328,1082,015,28041,1142.1%01042,281,1631,974,1662,328,1082,015,28041,1142.1%0
REAL ESTATE PARCELS10,4424,606,966,0973,191,699,6814,873,326,5263,449,008,441257,308,7608.1%160,033,45110,4424,606,966,0973,191,699,6814,873,326,5263,449,008,441257,308,7608.1%160,033,451
PERS PROP & CENT ASSD193,609,883173,892,335207,565,021187,947,28114,054,9468.1%0193,609,883173,892,335207,565,021187,947,28114,054,9468.1%0
ALL ASSESSED PROPERTY4,800,575,9803,365,592,0165,080,891,5473,636,955,722271,363,7068.1%160,033,4514,800,575,9803,365,592,0165,080,891,5473,636,955,722271,363,7068.1%160,033,451
2019 PRELIMINARY VALUES2020 PRELIMINARY VALUES2020 PRELIMINARY VALUES
2020 Town of Miami Lakes Preliminary Assessment Roll Values and  Comparison
----------------Page (31) Break----------------
MIAMI-DADE COUNTY
PROPERTY APPRAISER
2020 ASSESSMENT ROLL CHANGE BY PROPERTY TYPE
July 1, 2020
2020TAXABLE TAXABLE 
PROPERTY TYPECOUNTJUST VALUETAXABLE VALUEJUST VALUETAXABLE VALUEVALUE DIFFPCTNEW CONSCOUNTJUST VALUETAXABLE VALUEJUST VALUETAXABLE VALUEVALUE DIFFPCTNEW CONS
SINGLE FAMILY7,1733,357,197,3822,310,849,4923,365,078,8242,381,869,72671,020,2343.1%7,681,0277,1733,357,197,3822,310,849,4923,365,078,8242,381,869,72671,020,2343.1%7,681,027
CONDOMINIUM840150,923,190116,452,734155,529,351122,885,8036,433,0695.5%0840150,923,190116,452,734155,529,351122,885,8036,433,0695.5%0
MULTI FAMILY10945,690,70038,404,48393,132,51286,561,18348,156,700125.4%42,220,37310945,690,70038,404,48393,132,51286,561,18348,156,700125.4%42,220,373
COMMERCIAL239464,262,970416,027,886481,172,374433,479,18317,451,2974.2%38,818239464,262,970416,027,886481,172,374433,479,18317,451,2974.2%38,818
INDUSTRIAL14,075,0004,075,0004,075,0004,075,00000.0%014,075,0004,075,0004,075,0004,075,00000.0%0
AGRICULTURE614,196,2882,926,95012,840,2512,753,730-173,220-5.9%0614,196,2882,926,95012,840,2512,753,730-173,220-5.9%0
VACANT LAND20396,439,95275,835,27697,006,41176,875,9751,040,6991.4%-710,56620396,439,95275,835,27697,006,41176,875,9751,040,6991.4%-710,566
INSTITUTIONAL24108,935,40212,704,579113,299,41414,440,0451,735,46613.7%024108,935,40212,704,579113,299,41414,440,0451,735,46613.7%0
GOVERNMENTAL93196,938,446156,468199,970,1680-156,468-100.0%093196,938,446156,468199,970,1680-156,468-100.0%0
OTHER PROPERTIES3217,833,68013,008,22416,259,73411,602,766-1,405,458-10.8%03217,833,68013,008,22416,259,73411,602,766-1,405,458-10.8%0
REAL ESTATE PARCELS8,7204,456,493,0102,990,441,0924,538,364,0393,134,543,411144,102,3194.8%49,229,6528,7204,456,493,0102,990,441,0924,538,364,0393,134,543,411144,102,3194.8%49,229,652
PERS PROP & CENT ASSD80,616,03063,209,95082,259,51165,018,5561,808,6062.9%080,616,03063,209,95082,259,51165,018,5561,808,6062.9%0
ALL ASSESSED PROPERTY4,537,109,0403,053,651,0424,620,623,5503,199,561,967145,910,9254.8%49,229,6524,537,109,0403,053,651,0424,620,623,5503,199,561,967145,910,9254.8%49,229,652
2019 PRELIMINARY VALUES2020 PRELIMINARY VALUES2020 PRELIMINARY VALUES
2020 Village of Palmetto Bay Preliminary Assessment Roll Values and  Comparison
----------------Page (32) Break----------------
MIAMI-DADE COUNTY
PROPERTY APPRAISER
2020 ASSESSMENT ROLL CHANGE BY PROPERTY TYPE
July 1, 2020
2020TAXABLE TAXABLE 
PROPERTY TYPECOUNTJUST VALUETAXABLE VALUEJUST VALUETAXABLE VALUEVALUE DIFFPCTNEW CONSCOUNTJUST VALUETAXABLE VALUEJUST VALUETAXABLE VALUEVALUE DIFFPCTNEW CONS
SINGLE FAMILY23,2774,685,457,3242,142,187,3324,850,449,1762,308,630,060166,442,7287.8%4,900,59723,2774,685,457,3242,142,187,3324,850,449,1762,308,630,060166,442,7287.8%4,900,597
CONDOMINIUM5,285539,954,461275,684,230611,101,993308,555,46732,871,23711.9%4,509,2955,285539,954,461275,684,230611,101,993308,555,46732,871,23711.9%4,509,295
MULTI FAMILY284354,604,894259,113,828366,979,777256,767,523-2,346,305-0.9%78,524284354,604,894259,113,828366,979,777256,767,523-2,346,305-0.9%78,524
COMMERCIAL387908,800,866796,577,000922,326,185830,694,41634,117,4164.3%1,671,015387908,800,866796,577,000922,326,185830,694,41634,117,4164.3%1,671,015
INDUSTRIAL446737,479,956701,810,996893,456,704838,816,973137,005,97719.5%65,784,258446737,479,956701,810,996893,456,704838,816,973137,005,97719.5%65,784,258
AGRICULTURE754,344,32939,591,65458,975,68244,391,8444,800,19012.1%1,540,350754,344,32939,591,65458,975,68244,391,8444,800,19012.1%1,540,350
VACANT LAND1,031152,696,515105,338,322131,764,12494,097,530-11,240,792-10.7%-353,0841,031152,696,515105,338,322131,764,12494,097,530-11,240,792-10.7%-353,084
INSTITUTIONAL119223,324,7789,474,089232,057,18512,274,4312,800,34229.6%0119223,324,7789,474,089232,057,18512,274,4312,800,34229.6%0
GOVERNMENTAL266416,595,79257,674423,771,8620-57,674-100.0%0266416,595,79257,674423,771,8620-57,674-100.0%0
OTHER PROPERTIES102240,223,780226,588,455244,089,873231,809,0635,220,6082.3%3,451,210102240,223,780226,588,455244,089,873231,809,0635,220,6082.3%3,451,210
REAL ESTATE PARCELS31,2048,313,482,6954,556,423,5808,734,972,5614,926,037,307369,613,7278.1%81,582,16531,2048,313,482,6954,556,423,5808,734,972,5614,926,037,307369,613,7278.1%81,582,165
PERS PROP & CENT ASSD436,022,574399,216,839456,663,647420,193,08520,976,2465.3%0436,022,574399,216,839456,663,647420,193,08520,976,2465.3%0
ALL ASSESSED PROPERTY8,749,505,2694,955,640,4199,191,636,2085,346,230,392390,589,9737.9%81,582,1658,749,505,2694,955,640,4199,191,636,2085,346,230,392390,589,9737.9%81,582,165
2020 City of Miami Gardens Preliminary Assessment Roll Values and  Comparison
2019 PRELIMINARY VALUES2020 PRELIMINARY VALUES2020 PRELIMINARY VALUES
----------------Page (33) Break----------------
MIAMI-DADE COUNTY
PROPERTY APPRAISER
2020 ASSESSMENT ROLL CHANGE BY PROPERTY TYPE
July 1, 2020
2020TAXABLE TAXABLE 
PROPERTY TYPECOUNTJUST VALUETAXABLE VALUEJUST VALUETAXABLE VALUEVALUE DIFFPCTNEW CONSCOUNTJUST VALUETAXABLE VALUEJUST VALUETAXABLE VALUEVALUE DIFFPCTNEW CONS
SINGLE FAMILY5,7422,634,875,4002,293,336,3392,641,506,3362,316,673,66223,337,3231.0%63,750,2315,7422,634,875,4002,293,336,3392,641,506,3362,316,673,66223,337,3231.0%63,750,231
CONDOMINIUM16,2443,644,624,5453,240,173,5013,868,459,0443,454,296,408214,122,9076.6%226,662,11816,2443,644,624,5453,240,173,5013,868,459,0443,454,296,408214,122,9076.6%226,662,118
MULTI FAMILY26868,941,575858,442,4441,104,985,2771,091,248,920232,806,47627.1%121,891,60026868,941,575858,442,4441,104,985,2771,091,248,920232,806,47627.1%121,891,600
COMMERCIAL1,4672,928,370,7552,780,887,0142,977,386,3212,849,857,91368,970,8992.5%64,276,2861,4672,928,370,7552,780,887,0142,977,386,3212,849,857,91368,970,8992.5%64,276,286
INDUSTRIAL1,9233,593,490,3133,247,519,0913,711,089,1063,393,094,335145,575,2444.5%8,833,0451,9233,593,490,3133,247,519,0913,711,089,1063,393,094,335145,575,2444.5%8,833,045
AGRICULTURE5124,140,650574,342124,140,650589,20514,8632.6%05124,140,650574,342124,140,650589,20514,8632.6%0
VACANT LAND1,230530,316,054455,789,361428,961,143389,269,432-66,519,929-14.6%-1,311,6581,230530,316,054455,789,361428,961,143389,269,432-66,519,929-14.6%-1,311,658
INSTITUTIONAL59201,042,1786,962,267242,111,1697,338,218375,9515.4%059201,042,1786,962,267242,111,1697,338,218375,9515.4%0
GOVERNMENTAL119657,679,135713,852660,253,4161-713,851-100.0%0119657,679,135713,852660,253,4161-713,851-100.0%0
OTHER PROPERTIES66372,466,41317,777,97373,295,80417,730,871-47,102-0.3%066372,466,41317,777,97373,295,80417,730,871-47,102-0.3%0
REAL ESTATE PARCELS27,47815,255,947,01812,902,176,18415,832,188,26613,520,098,965617,922,7814.8%484,101,62227,47815,255,947,01812,902,176,18415,832,188,26613,520,098,965617,922,7814.8%484,101,622
PERS PROP & CENT ASSD908,934,800813,454,402888,451,667801,885,559-11,568,843-1.4%0908,934,800813,454,402888,451,667801,885,559-11,568,843-1.4%0
ALL ASSESSED PROPERTY16,164,881,81813,715,630,58616,720,639,93314,321,984,524606,353,9384.4%484,101,62216,164,881,81813,715,630,58616,720,639,93314,321,984,524606,353,9384.4%484,101,622
2020 City of Doral Preliminary Assessment Roll Values and  Comparison
2019 PRELIMINARY VALUES2020 PRELIMINARY VALUES2020 PRELIMINARY VALUES
----------------Page (34) Break----------------
MIAMI-DADE COUNTY
PROPERTY APPRAISER
2020 ASSESSMENT ROLL CHANGE BY PROPERTY TYPE
July 1, 2020
2020TAXABLE TAXABLE 
PROPERTY TYPECOUNTJUST VALUETAXABLE VALUEJUST VALUETAXABLE VALUEVALUE DIFFPCTNEW CONSCOUNTJUST VALUETAXABLE VALUEJUST VALUETAXABLE VALUEVALUE DIFFPCTNEW CONS
SINGLE FAMILY10,7412,841,473,3171,688,635,4132,908,173,1281,776,769,92488,134,5115.2%5,174,50810,7412,841,473,3171,688,635,4132,908,173,1281,776,769,92488,134,5115.2%5,174,508
CONDOMINIUM3,628544,805,089383,972,681585,069,122409,175,42525,202,7446.6%03,628544,805,089383,972,681585,069,122409,175,42525,202,7446.6%0
MULTI FAMILY13469,448,45936,749,25869,657,10537,948,7741,199,5163.3%013469,448,45936,749,25869,657,10537,948,7741,199,5163.3%0
COMMERCIAL105427,068,649416,746,856432,664,883419,129,4362,382,5800.6%0105427,068,649416,746,856432,664,883419,129,4362,382,5800.6%0
INDUSTRIAL1293,758293,758312,341312,34118,5836.3%01293,758293,758312,341312,34118,5836.3%0
AGRICULTURE56,951,228711,9876,941,641467,729-244,258-34.3%-178,21956,951,228711,9876,941,641467,729-244,258-34.3%-178,219
VACANT LAND26939,147,33927,724,78937,906,46228,838,8371,114,0484.0%-1,70026939,147,33927,724,78937,906,46228,838,8371,114,0484.0%-1,700
INSTITUTIONAL1439,330,35116,646,30439,944,09516,399,701-246,603-1.5%01439,330,35116,646,30439,944,09516,399,701-246,603-1.5%0
GOVERNMENTAL111170,226,5306,400,000166,048,0184,637-6,395,363-99.9%0111170,226,5306,400,000166,048,0184,637-6,395,363-99.9%0
OTHER PROPERTIES10938,595,230860,74439,545,540828,821-31,923-3.7%010938,595,230860,74439,545,540828,821-31,923-3.7%0
REAL ESTATE PARCELS15,1174,177,339,9502,578,741,7904,286,262,3352,689,875,625111,133,8354.3%4,994,58915,1174,177,339,9502,578,741,7904,286,262,3352,689,875,625111,133,8354.3%4,994,589
PERS PROP & CENT ASSD82,657,30771,770,83288,205,59477,649,6745,878,8428.2%082,657,30771,770,83288,205,59477,649,6745,878,8428.2%0
ALL ASSESSED PROPERTY4,259,997,2572,650,512,6224,374,467,9292,767,525,299117,012,6774.4%4,994,5894,259,997,2572,650,512,6224,374,467,9292,767,525,299117,012,6774.4%4,994,589
2020 Town of Cutler Bay Preliminary Assessment Roll Values and  Comparison
2019 PRELIMINARY VALUES2020 PRELIMINARY VALUES2020 PRELIMINARY VALUES
----------------Page (35) Break----------------
MIAMI-DADE COUNTY
PROPERTY APPRAISER
2020 ASSESSMENT ROLL CHANGE BY PROPERTY TYPE
July 1, 2020
2020TAXABLE TAXABLE 
PROPERTY TYPECOUNTJUST VALUETAXABLE VALUEJUST VALUETAXABLE VALUEVALUE DIFFPCTNEW CONSCOUNTJUST VALUETAXABLE VALUEJUST VALUETAXABLE VALUEVALUE DIFFPCTNEW CONS
SINGLE FAMILY384,365148,228,988,644101,375,554,190152,401,518,036105,985,734,5054,610,180,3154.5%1,164,055,456384,365148,228,988,644101,375,554,190152,401,518,036105,985,734,5054,610,180,3154.5%1,164,055,456
CONDOMINIUM372,957110,683,850,68497,210,091,415111,769,297,82798,967,919,8381,757,828,4231.8%4,250,749,682372,957110,683,850,68497,210,091,415111,769,297,82798,967,919,8381,757,828,4231.8%4,250,749,682
MULTI FAMILY35,25527,787,664,39825,614,602,46431,104,145,82328,763,463,9123,148,861,44812.3%1,562,117,22135,25527,787,664,39825,614,602,46431,104,145,82328,763,463,9123,148,861,44812.3%1,562,117,221
COMMERCIAL37,76264,604,744,47663,187,486,18866,261,310,49464,727,460,4511,539,974,2632.4%754,619,68637,76264,604,744,47663,187,486,18866,261,310,49464,727,460,4511,539,974,2632.4%754,619,686
INDUSTRIAL16,15319,051,432,85118,666,679,58021,325,243,17520,902,113,6382,235,434,05812.0%348,993,17016,15319,051,432,85118,666,679,58021,325,243,17520,902,113,6382,235,434,05812.0%348,993,170
AGRICULTURE7,6563,978,395,6851,060,500,1694,159,546,4251,110,719,19250,219,0234.7%7,115,9847,6563,978,395,6851,060,500,1694,159,546,4251,110,719,19250,219,0234.7%7,115,984
VACANT LAND38,13413,817,641,13213,098,902,96713,769,788,60412,988,275,925-110,627,042-0.8%-106,483,75238,13413,817,641,13213,098,902,96713,769,788,60412,988,275,925-110,627,042-0.8%-106,483,752
INSTITUTIONAL2,6038,479,317,0921,660,214,7348,755,710,5521,753,198,43392,983,6995.6%3,541,8042,6038,479,317,0921,660,214,7348,755,710,5521,753,198,43392,983,6995.6%3,541,804
GOVERNMENTAL22,79222,353,595,491234,411,84822,917,917,323197,470,070-36,941,778-15.8%593,89022,79222,353,595,491234,411,84822,917,917,323197,470,070-36,941,778-15.8%593,890
OTHER PROPERTIES5,0812,084,687,4411,687,217,2752,135,151,7431,717,227,29430,010,0191.8%2,465,6065,0812,084,687,4411,687,217,2752,135,151,7431,717,227,29430,010,0191.8%2,465,606
REAL ESTATE PARCELS922,758421,070,317,894323,795,660,830434,599,630,002337,113,583,25813,317,922,4284.1%7,987,768,747922,758421,070,317,894323,795,660,830434,599,630,002337,113,583,25813,317,922,4284.1%7,987,768,747
PERS PROP & CENT ASSD21,825,652,91115,797,521,60818,478,468,28416,069,861,810272,340,2021.7%021,825,652,91115,797,521,60818,478,468,28416,069,861,810272,340,2021.7%0
ALL ASSESSED PROPERTY442,895,970,805339,593,182,438453,078,098,286353,183,445,06813,590,262,6304.0%7,987,768,747442,895,970,805339,593,182,438453,078,098,286353,183,445,06813,590,262,6304.0%7,987,768,747
2019 PRELIMINARY VALUES2020 PRELIMINARY VALUES2020 PRELIMINARY VALUES
2020 School Board Preliminary Assessment Roll Values and  Comparison
----------------Page (36) Break----------------
MIAMI-DADE COUNTY
PROPERTY APPRAISER
2020 ASSESSMENT ROLL CHANGE BY PROPERTY TYPE
July 1, 2020
2020TAXABLE TAXABLE 
PROPERTY TYPECOUNTJUST VALUETAXABLE VALUEJUST VALUETAXABLE VALUEVALUE DIFFPCTNEW CONSCOUNTJUST VALUETAXABLE VALUEJUST VALUETAXABLE VALUEVALUE DIFFPCTNEW CONS
SINGLE FAMILY384,365148,228,988,64492,519,564,585152,401,518,03697,444,792,3714,925,227,7865.3%1,164,055,456384,365148,228,988,64492,519,564,585152,401,518,03697,444,792,3714,925,227,7865.3%1,164,055,456
CONDOMINIUM372,957110,683,850,68491,993,781,058111,769,297,82794,474,772,9122,480,991,8542.7%4,250,749,682372,957110,683,850,68491,993,781,058111,769,297,82794,474,772,9122,480,991,8542.7%4,250,749,682
MULTI FAMILY35,25527,787,664,39822,814,053,27731,104,145,82326,098,741,5233,284,688,24614.4%1,562,117,22135,25527,787,664,39822,814,053,27731,104,145,82326,098,741,5233,284,688,24614.4%1,562,117,221
COMMERCIAL37,76264,604,744,47656,181,908,45866,261,310,49458,837,923,6092,656,015,1514.7%754,619,68637,76264,604,744,47656,181,908,45866,261,310,49458,837,923,6092,656,015,1514.7%754,619,686
INDUSTRIAL16,15319,051,432,85117,074,006,89721,325,243,17518,666,496,8061,592,489,9099.3%348,993,17016,15319,051,432,85117,074,006,89721,325,243,17518,666,496,8061,592,489,9099.3%348,993,170
AGRICULTURE7,6563,978,395,685979,449,8784,159,546,4251,042,557,48663,107,6086.4%7,115,9847,6563,978,395,685979,449,8784,159,546,4251,042,557,48663,107,6086.4%7,115,984
VACANT LAND38,13413,817,641,13210,411,990,21013,769,788,60410,637,862,918225,872,7082.2%-106,483,75238,13413,817,641,13210,411,990,21013,769,788,60410,637,862,918225,872,7082.2%-106,483,752
INSTITUTIONAL2,6038,479,317,0921,531,039,9768,755,710,5521,624,533,03493,493,0586.1%3,541,8042,6038,479,317,0921,531,039,9768,755,710,5521,624,533,03493,493,0586.1%3,541,804
GOVERNMENTAL22,79222,353,595,491171,731,31622,917,917,323166,597,566-5,133,750-3.0%593,89022,79222,353,595,491171,731,31622,917,917,323166,597,566-5,133,750-3.0%593,890
OTHER PROPERTIES5,0812,084,687,4411,430,768,0202,135,151,7431,498,362,85567,594,8354.7%2,465,6065,0812,084,687,4411,430,768,0202,135,151,7431,498,362,85567,594,8354.7%2,465,606
REAL ESTATE PARCELS922,758421,070,317,894295,108,293,675434,599,630,002310,492,641,08015,384,347,4055.2%7,987,768,747922,758421,070,317,894295,108,293,675434,599,630,002310,492,641,08015,384,347,4055.2%7,987,768,747
PERS PROP & CENT ASSD21,825,652,91115,797,491,47418,478,468,28416,069,854,369272,362,8951.7%021,825,652,91115,797,491,47418,478,468,28416,069,854,369272,362,8951.7%0
ALL ASSESSED PROPERTY442,895,970,805310,905,785,149453,078,098,286326,562,495,44915,656,710,3005.0%7,987,768,747442,895,970,805310,905,785,149453,078,098,286326,562,495,44915,656,710,3005.0%7,987,768,747
2019 PRELIMINARY VALUES2020 PRELIMINARY VALUES2020 PRELIMINARY VALUES
2020 South Florida Water Management District Preliminary Assessment Roll Values and  Comparison
----------------Page (37) Break----------------
MIAMI-DADE COUNTY
PROPERTY APPRAISER
2020 ASSESSMENT ROLL CHANGE BY PROPERTY TYPE
July 1, 2020
2020TAXABLE TAXABLE 
PROPERTY TYPECOUNTJUST VALUETAXABLE VALUEJUST VALUETAXABLE VALUEVALUE DIFFPCTNEW CONSCOUNTJUST VALUETAXABLE VALUEJUST VALUETAXABLE VALUEVALUE DIFFPCTNEW CONS
SINGLE FAMILY384,365148,228,988,64492,519,564,585152,401,518,03697,444,792,3714,925,227,7865.3%1,164,055,456384,365148,228,988,64492,519,564,585152,401,518,03697,444,792,3714,925,227,7865.3%1,164,055,456
CONDOMINIUM372,957110,683,850,68491,993,781,058111,769,297,82794,474,772,9122,480,991,8542.7%4,250,749,682372,957110,683,850,68491,993,781,058111,769,297,82794,474,772,9122,480,991,8542.7%4,250,749,682
MULTI FAMILY35,25527,787,664,39822,814,053,27731,104,145,82326,098,741,5233,284,688,24614.4%1,562,117,22135,25527,787,664,39822,814,053,27731,104,145,82326,098,741,5233,284,688,24614.4%1,562,117,221
COMMERCIAL37,76264,604,744,47656,181,908,45866,261,310,49458,837,923,6092,656,015,1514.7%754,619,68637,76264,604,744,47656,181,908,45866,261,310,49458,837,923,6092,656,015,1514.7%754,619,686
INDUSTRIAL16,15319,051,432,85117,074,006,89721,325,243,17518,666,496,8061,592,489,9099.3%348,993,17016,15319,051,432,85117,074,006,89721,325,243,17518,666,496,8061,592,489,9099.3%348,993,170
AGRICULTURE7,6563,978,395,685979,449,8784,159,546,4251,042,557,48663,107,6086.4%7,115,9847,6563,978,395,685979,449,8784,159,546,4251,042,557,48663,107,6086.4%7,115,984
VACANT LAND38,13413,817,641,13210,411,990,21013,769,788,60410,637,862,918225,872,7082.2%-106,483,75238,13413,817,641,13210,411,990,21013,769,788,60410,637,862,918225,872,7082.2%-106,483,752
INSTITUTIONAL2,6038,479,317,0921,531,039,9768,755,710,5521,624,533,03493,493,0586.1%3,541,8042,6038,479,317,0921,531,039,9768,755,710,5521,624,533,03493,493,0586.1%3,541,804
GOVERNMENTAL22,79222,353,595,491171,731,31622,917,917,323166,597,566-5,133,750-3.0%593,89022,79222,353,595,491171,731,31622,917,917,323166,597,566-5,133,750-3.0%593,890
OTHER PROPERTIES5,0812,084,687,4411,430,768,0202,135,151,7431,498,362,85567,594,8354.7%2,465,6065,0812,084,687,4411,430,768,0202,135,151,7431,498,362,85567,594,8354.7%2,465,606
REAL ESTATE PARCELS922,758421,070,317,894295,108,293,675434,599,630,002310,492,641,08015,384,347,4055.2%7,987,768,747922,758421,070,317,894295,108,293,675434,599,630,002310,492,641,08015,384,347,4055.2%7,987,768,747
PERS PROP & CENT ASSD21,825,652,91115,797,491,47418,478,468,28416,069,854,369272,362,8951.7%021,825,652,91115,797,491,47418,478,468,28416,069,854,369272,362,8951.7%0
ALL ASSESSED PROPERTY442,895,970,805310,905,785,149453,078,098,286326,562,495,44915,656,710,3005.0%7,987,768,747442,895,970,805310,905,785,149453,078,098,286326,562,495,44915,656,710,3005.0%7,987,768,747
2020 Florida Inland Navigation District Preliminary Assessment Roll Values and  Comparison
2019 PRELIMINARY VALUES2020 PRELIMINARY VALUES2020 PRELIMINARY VALUES
----------------Page (38) Break----------------
MIAMI-DADE COUNTY
PROPERTY APPRAISER
2020 ASSESSMENT ROLL CHANGE BY PROPERTY TYPE
July 1, 2020
2020TAXABLE TAXABLE 
PROPERTY TYPECOUNTJUST VALUETAXABLE VALUEJUST VALUETAXABLE VALUEVALUE DIFFPCTNEW CONSCOUNTJUST VALUETAXABLE VALUEJUST VALUETAXABLE VALUEVALUE DIFFPCTNEW CONS
SINGLE FAMILY384,365148,228,988,64492,519,564,585152,401,518,03697,444,792,3714,925,227,7865.3%1,164,055,456384,365148,228,988,64492,519,564,585152,401,518,03697,444,792,3714,925,227,7865.3%1,164,055,456
CONDOMINIUM372,957110,683,850,68491,993,781,058111,769,297,82794,474,772,9122,480,991,8542.7%4,250,749,682372,957110,683,850,68491,993,781,058111,769,297,82794,474,772,9122,480,991,8542.7%4,250,749,682
MULTI FAMILY35,25527,787,664,39822,814,053,27731,104,145,82326,098,741,5233,284,688,24614.4%1,562,117,22135,25527,787,664,39822,814,053,27731,104,145,82326,098,741,5233,284,688,24614.4%1,562,117,221
COMMERCIAL37,76264,604,744,47656,181,908,45866,261,310,49458,837,923,6092,656,015,1514.7%754,619,68637,76264,604,744,47656,181,908,45866,261,310,49458,837,923,6092,656,015,1514.7%754,619,686
INDUSTRIAL16,15319,051,432,85117,074,006,89721,325,243,17518,666,496,8061,592,489,9099.3%348,993,17016,15319,051,432,85117,074,006,89721,325,243,17518,666,496,8061,592,489,9099.3%348,993,170
AGRICULTURE7,6563,978,395,685979,449,8784,159,546,4251,042,557,48663,107,6086.4%7,115,9847,6563,978,395,685979,449,8784,159,546,4251,042,557,48663,107,6086.4%7,115,984
VACANT LAND38,13413,817,641,13210,411,990,21013,769,788,60410,637,862,918225,872,7082.2%-106,483,75238,13413,817,641,13210,411,990,21013,769,788,60410,637,862,918225,872,7082.2%-106,483,752
INSTITUTIONAL2,6038,479,317,0921,531,039,9768,755,710,5521,624,533,03493,493,0586.1%3,541,8042,6038,479,317,0921,531,039,9768,755,710,5521,624,533,03493,493,0586.1%3,541,804
GOVERNMENTAL22,79222,353,595,491171,731,31622,917,917,323166,597,566-5,133,750-3.0%593,89022,79222,353,595,491171,731,31622,917,917,323166,597,566-5,133,750-3.0%593,890
OTHER PROPERTIES5,0812,084,687,4411,430,768,0202,135,151,7431,498,362,85567,594,8354.7%2,465,6065,0812,084,687,4411,430,768,0202,135,151,7431,498,362,85567,594,8354.7%2,465,606
REAL ESTATE PARCELS922,758421,070,317,894295,108,293,675434,599,630,002310,492,641,08015,384,347,4055.2%7,987,768,747922,758421,070,317,894295,108,293,675434,599,630,002310,492,641,08015,384,347,4055.2%7,987,768,747
PERS PROP & CENT ASSD21,825,652,91115,797,491,47418,478,468,28416,069,854,369272,362,8951.7%021,825,652,91115,797,491,47418,478,468,28416,069,854,369272,362,8951.7%0
ALL ASSESSED PROPERTY442,895,970,805310,905,785,149453,078,098,286326,562,495,44915,656,710,3005.0%7,987,768,747442,895,970,805310,905,785,149453,078,098,286326,562,495,44915,656,710,3005.0%7,987,768,747
2020 The Children's Trust Preliminary Assessment Roll Values and  Comparison
2019 PRELIMINARY VALUES2020 PRELIMINARY VALUES2020 PRELIMINARY VALUES
----------------Page (39) Break----------------
